#Parameters = {L=39; e=0.035; h=1.6; i=0.8; l1=4; ls=120; wl=1.7; ws=30}
#"Frequency / GHz"	"S1,1 (1) [Magnitude]"
#----------------------------------------
0.0000000000000	-0.00028060842926055
0.0040000001899898	-0.00028514156988919
0.0080000003799796	-0.00029615287572088
0.012000000104308	-0.00031623270806828
0.016000000759959	-0.00034331291661014
0.019999999552965	-0.00037687966273224
0.024000000208616	-0.00041952661287708
0.028000000864267	-0.00046918886739302
0.032000001519918	-0.00052639124381749
0.035999998450279	-0.00059010641135247
0.039999999105930	-0.00066137867120364
0.043999999761581	-0.00073866509562849
0.048000000417233	-0.00082508297386070
0.052000001072884	-0.00091650176112335
0.056000001728535	-0.0010150053801948
0.059999998658895	-0.0011190537105539
0.064000003039837	-0.0012291784647724
0.068000003695488	-0.0013453940277668
0.071999996900558	-0.0014671976309781
0.075999997556210	-0.0015940873476875
0.079999998211861	-0.0017255610133303
0.083999998867512	-0.0018621527694254
0.087999999523163	-0.0020033622557687
0.092000000178814	-0.0021486875646490
0.096000000834465	-0.0022976270684271
0.10000000149012	-0.0024501991285838
0.10400000214577	-0.0026053852091115
0.10800000280142	-0.0027642348527901
0.11200000345707	-0.0029246948039908
0.11599999666214	-0.0030878169692501
0.11999999731779	-0.0032530983902665
0.12399999797344	-0.0034200370124221
0.12800000607967	-0.0035860555257869
0.13199999928474	-0.0037547971797315
0.13600000739098	-0.0039236811529732
0.14000000059605	-0.0040922042742220
0.14399999380112	-0.0042593399805407
0.14800000190735	-0.0044276881272531
0.15199999511242	-0.0045936341343737
0.15600000321865	-0.0047582179961521
0.15999999642372	-0.0049214486081093
0.16400000452995	-0.0050822940391263
0.16799999773502	-0.0052402377946260
0.17200000584126	-0.0053958030395959
0.17599999904633	-0.0055474309072550
0.18000000715256	-0.0056951267151896
0.18400000035763	-0.0058393997630550
0.18799999356270	-0.0059792126926996
0.19200000166893	-0.0061145532370732
0.19599999487400	-0.0062454152937005
0.20000000298023	-0.0063702313877922
0.20399999618530	-0.0064895105642437
0.20800000429153	-0.0066032318005854
0.21199999749660	-0.0067103474774293
0.21600000560284	-0.0068123840012868
0.21999999880791	-0.0069067370146629
0.22400000691414	-0.0069944121650663
0.22800000011921	-0.0070748718123646
0.23199999332428	-0.0071480779153903
0.23600000143051	-0.0072145223457883
0.23999999463558	-0.0072726150700389
0.24400000274181	-0.0073228409280408
0.24799999594688	-0.0073651619209559
0.25200000405312	-0.0073990130317362
0.25600001215935	-0.0074253926500576
0.25999999046326	-0.0074426974570033
0.26399999856949	-0.0074529542720844
0.26800000667572	-0.0074530067014188
0.27200001478195	-0.0074453926855573
0.27599999308586	-0.0074295283804950
0.28000000119209	-0.0074053664728179
0.28400000929832	-0.0073723367525937
0.28799998760223	-0.0073308874524655
0.29199999570847	-0.0072809565792909
0.29600000381470	-0.0072229922292030
0.30000001192093	-0.0071569423513073
0.30399999022484	-0.0070827343551947
0.30799999833107	-0.0070008002649873
0.31200000643730	-0.0069110871518540
0.31600001454353	-0.0068129944234920
0.31999999284744	-0.0067085321981156
0.32400000095367	-0.0065965688273103
0.32800000905991	-0.0064770340310451
0.33199998736382	-0.0063509045371560
0.33599999547005	-0.0062185968929912
0.34000000357628	-0.0060805515584964
0.34400001168251	-0.0059366964264915
0.34799998998642	-0.0057859146439997
0.35199999809265	-0.0056307063614446
0.35600000619888	-0.0054704726312880
0.36000001430511	-0.0053072160252393
0.36399999260902	-0.0051382361763582
0.36800000071526	-0.0049655614613986
0.37200000882149	-0.0047895896993204
0.37599998712540	-0.0046113030436881
0.37999999523163	-0.0044300938375529
0.38400000333786	-0.0042469182851000
0.38800001144409	-0.0040622032383240
0.39199998974800	-0.0038763863391666
0.39599999785423	-0.0036888983368288
0.40000000596046	-0.0035022373148082
0.40400001406670	-0.0033147570414074
0.40799999237061	-0.0031279605691729
0.41200000047684	-0.0029448767362796
0.41600000858307	-0.0027607721614696
0.41999998688698	-0.0025792026435876
0.42399999499321	-0.0024000970318623
0.42800000309944	-0.0022244273103246
0.43200001120567	-0.0020516479964002
0.43599998950958	-0.0018831905693610
0.43999999761581	-0.0017195668349013
0.44400000572205	-0.0015601758572027
0.44800001382828	-0.0014070392689457
0.45199999213219	-0.0012590840067199
0.45600000023842	-0.0011167815863635
0.46000000834465	-0.00098317584679529
0.46399998664856	-0.00085358721724709
0.46799999475479	-0.00073366172680650
0.47200000286102	-0.00062128571025640
0.47600001096725	-0.00051697089564420
0.47999998927116	-0.00042170613118335
0.48399999737740	-0.00033442445668408
0.48800000548363	-0.00025771246289915
0.49200001358986	-0.00018996793186539
0.49599999189377	-0.00013172438914402
0.50000000000000	-8.4512721337624e-05
0.50400000810623	-4.6228474446079e-05
0.50800001621246	-2.1567606579910e-05
0.51200002431870	-5.3228951224240e-06
0.51599997282028	-5.8703591959760e-07
0.51999998092651	-7.9033374311743e-06
0.52399998903275	-2.5713526235777e-05
0.52799999713898	-5.5574438328279e-05
0.53200000524521	-9.6461389856392e-05
0.53600001335144	-0.00014940390223505
0.54000002145767	-0.00021343334728994
0.54400002956390	-0.00029057367161545
0.54799997806549	-0.00037830424753055
0.55199998617172	-0.00047919990435365
0.55599999427795	-0.00058962936323935
0.56000000238419	-0.00071229691040632
0.56400001049042	-0.00084665177693180
0.56800001859665	-0.00099269290254561
0.57200002670288	-0.0011494329271242
0.57599997520447	-0.0013163995301063
0.57999998331070	-0.0014961581402983
0.58399999141693	-0.0016851472434975
0.58799999952316	-0.0018828042761732
0.59200000762939	-0.0020918906262657
0.59600001573563	-0.0023107060246660
0.60000002384186	-0.0025388465055202
0.60399997234344	-0.0027758130773919
0.60799998044968	-0.0030200247378954
0.61199998855591	-0.0032735826786530
0.61599999666214	-0.0035344562392048
0.62000000476837	-0.0038020901164764
0.62400001287460	-0.0040765017363473
0.62800002098083	-0.0043571982782360
0.63200002908707	-0.0046436465634485
0.63599997758865	-0.0049353346358257
0.63999998569489	-0.0052311556461226
0.64399999380112	-0.0055311513252773
0.64800000190735	-0.0058347898095218
0.65200001001358	-0.0061414746933740
0.65600001811981	-0.0064507167423110
0.66000002622604	-0.0067608317180617
0.66399997472763	-0.0070723954388640
0.66799998283386	-0.0073858082662909
0.67199999094009	-0.0076974067088062
0.67599999904633	-0.0080081658257127
0.68000000715256	-0.0083180614569271
0.68400001525879	-0.0086258214459520
0.68800002336502	-0.0089320422547288
0.69199997186661	-0.0092339401389739
0.69599997997284	-0.0095314629373210
0.69999998807907	-0.0098265504757732
0.70399999618530	-0.010113932589789
0.70800000429153	-0.010397050385130
0.71200001239777	-0.010674244525013
0.71600002050400	-0.010944849374719
0.72000002861023	-0.011208148544005
0.72399997711182	-0.011463518783048
0.72799998521805	-0.011709753146574
0.73199999332428	-0.011947653667431
0.73600000143051	-0.012177073505666
0.74000000953674	-0.012395244641780
0.74400001764297	-0.012604484563850
0.74800002574921	-0.012803060371811
0.75199997425079	-0.012989720119123
0.75599998235703	-0.013166284605785
0.75999999046326	-0.013330985397345
0.76399999856949	-0.013483524406787
0.76800000667572	-0.013624261406176
0.77200001478195	-0.013752303790750
0.77600002288818	-0.013867951046034
0.77999997138977	-0.013971954262169
0.78399997949600	-0.014061986973284
0.78799998760223	-0.014139272364302
0.79199999570847	-0.014204573360702
0.79600000381470	-0.014257018663220
0.80000001192093	-0.014295866592896
0.80400002002716	-0.014321784964153
0.80800002813339	-0.014335517021385
0.81199997663498	-0.014336225787900
0.81599998474121	-0.014326137089561
0.81999999284744	-0.014302911163674
0.82400000095367	-0.014267666304441
0.82800000905991	-0.014222272149932
0.83200001716614	-0.014164741453261
0.83600002527237	-0.014096343987989
0.83999997377396	-0.014018287720041
0.84399998188019	-0.013930229057490
0.84799998998642	-0.013832888365865
0.85199999809265	-0.013726388636057
0.85600000619888	-0.013612479158626
0.86000001430511	-0.013489309774775
0.86400002241135	-0.013360669939156
0.86799997091293	-0.013224641265346
0.87199997901917	-0.013084051501287
0.87599998712540	-0.012937568035318
0.87999999523163	-0.012787919554680
0.88400000333786	-0.012635337577605
0.88800001144409	-0.012479515813616
0.89200001955032	-0.012322190106630
0.89600002765656	-0.012163611002829
0.89999997615814	-0.012005032927294
0.90399998426437	-0.011848240399913
0.90799999237061	-0.011692938763975
0.91200000047684	-0.011540464998863
0.91600000858307	-0.011391555938102
0.92000001668930	-0.011246003345634
0.92400002479553	-0.011108182816880
0.92799997329712	-0.010976277220031
0.93199998140335	-0.010851706667807
0.93599998950958	-0.010735663021989
0.93999999761581	-0.010628754687129
0.94400000572205	-0.010532573322207
0.94800001382828	-0.010447595239389
0.95200002193451	-0.010374733587097
0.95599997043610	-0.010315202106646
0.95999997854233	-0.010269544111639
0.96399998664856	-0.010240038420627
0.96799999475479	-0.010225796291018
0.97200000286102	-0.010227527471652
0.97600001096725	-0.010247779962124
0.98000001907349	-0.010286397313780
0.98400002717972	-0.010342931693478
0.98799997568130	-0.010420365970001
0.99199998378754	-0.010518616996352
0.99599999189377	-0.010638671515593
1.0000000000000	-0.010780092600156
1.0039999485016	-0.010944300599233
1.0080000162125	-0.011132217014855
1.0119999647141	-0.011342986762484
1.0160000324249	-0.011578179897522
1.0199999809265	-0.011838798680631
1.0240000486374	-0.012124135854184
1.0279999971390	-0.012435521249852
1.0319999456406	-0.012771162598968
1.0360000133514	-0.013134496003188
1.0399999618530	-0.013523766702000
1.0440000295639	-0.013939563269224
1.0479999780655	-0.014381515292587
1.0520000457764	-0.014850582323942
1.0559999942780	-0.015345813427916
1.0599999427795	-0.015868871216452
1.0640000104904	-0.016417579337597
1.0679999589920	-0.016992988548152
1.0720000267029	-0.017595069518522
1.0759999752045	-0.018222441300230
1.0800000429153	-0.018874568830313
1.0839999914169	-0.019553102806129
1.0880000591278	-0.020255489257959
1.0920000076294	-0.020984062132478
1.0959999561310	-0.021734858914012
1.1000000238419	-0.022510142672804
1.1039999723434	-0.023307628077014
1.1080000400543	-0.024127330728357
1.1119999885559	-0.024967382188689
1.1160000562668	-0.025829608076012
1.1200000047684	-0.026709904678457
1.1239999532700	-0.027609920796514
1.1280000209808	-0.028528794398971
1.1319999694824	-0.029463976476697
1.1360000371933	-0.030415570602475
1.1399999856949	-0.031382359920010
1.1440000534058	-0.032363296462174
1.1480000019073	-0.033357485085050
1.1519999504089	-0.034363791866417
1.1560000181198	-0.035380421300396
1.1599999666214	-0.036407364883797
1.1640000343323	-0.037443569768069
1.1679999828339	-0.038487462211342
1.1720000505447	-0.039537724230068
1.1759999990463	-0.040593436855458
1.1799999475479	-0.041653187077822
1.1840000152588	-0.042715957932603
1.1879999637604	-0.043780636532100
1.1920000314713	-0.044846769705896
1.1959999799728	-0.045912741590808
1.2000000476837	-0.046976350398276
1.2039999961853	-0.048038767745596
1.2079999446869	-0.049096253894031
1.2120000123978	-0.050149657862794
1.2159999608994	-0.051197930341930
1.2200000286102	-0.052239310551765
1.2239999771118	-0.053273187742267
1.2280000448227	-0.054298568871259
1.2319999933243	-0.055314540127194
1.2359999418259	-0.056321145783125
1.2400000095367	-0.057316177727200
1.2439999580383	-0.058299950371637
1.2480000257492	-0.059270621261771
1.2519999742508	-0.060230118275684
1.2560000419617	-0.061175894177238
1.2599999904633	-0.062106163344167
1.2640000581741	-0.063022609210485
1.2680000066757	-0.063926123331773
1.2719999551773	-0.064814384863587
1.2760000228882	-0.065687184371391
1.2799999713898	-0.066543910662142
1.2840000391006	-0.067387028777414
1.2879999876022	-0.068214528231733
1.2920000553131	-0.069026023293137
1.2960000038147	-0.069824701444579
1.2999999523163	-0.070608492031190
1.3040000200272	-0.071377836887833
1.3079999685287	-0.072133506755007
1.3120000362396	-0.072875900482706
1.3159999847412	-0.073607045219054
1.3200000524521	-0.074325995276930
1.3240000009537	-0.075034941376310
1.3279999494553	-0.075732351101951
1.3320000171661	-0.076422033395460
1.3359999656677	-0.077103832386640
1.3400000333786	-0.077780075846896
1.3439999818802	-0.078449721768438
1.3480000495911	-0.079115791649022
1.3519999980927	-0.079780012013183
1.3559999465942	-0.080442810622694
1.3600000143051	-0.081106558537726
1.3639999628067	-0.081771853465246
1.3680000305176	-0.082441132335033
1.3719999790192	-0.083116481129131
1.3760000467300	-0.083799455317005
1.3799999952316	-0.084492930578986
1.3839999437332	-0.085197584711437
1.3880000114441	-0.085916108652189
1.3919999599457	-0.086649977864419
1.3960000276566	-0.087401480023675
1.3999999761581	-0.088175104641253
1.4040000438690	-0.088969444065609
1.4079999923706	-0.089788837062138
1.4119999408722	-0.090636417922641
1.4160000085831	-0.091512610461219
1.4199999570847	-0.092421685326524
1.4240000247955	-0.093364033974232
1.4279999732971	-0.094343660838515
1.4320000410080	-0.095362329485389
1.4359999895096	-0.096423079696033
1.4400000572205	-0.097527891391948
1.4440000057220	-0.098678722961802
1.4479999542236	-0.099879288185687
1.4520000219345	-0.10113163861955
1.4559999704361	-0.10243761205193
1.4600000381470	-0.10380121601729
1.4639999866486	-0.10522183620913
1.4680000543594	-0.10670453843114
1.4720000028610	-0.10825018479469
1.4759999513626	-0.10986163846684
1.4800000190735	-0.11154142685871
1.4839999675751	-0.11329186772709
1.4880000352859	-0.11511401865463
1.4919999837875	-0.11701003002584
1.4960000514984	-0.11898421272710
1.5000000000000	-0.12103588119141
1.5039999485016	-0.12316711325994
1.5080000162125	-0.12538247349486
1.5119999647141	-0.12768012975484
1.5160000324249	-0.13006373535575
1.5199999809265	-0.13253433853614
1.5240000486374	-0.13509430235018
1.5279999971390	-0.13774357636309
1.5319999456406	-0.14048467155292
1.5360000133514	-0.14331763210895
1.5399999618530	-0.14624554133095
1.5440000295639	-0.14926795686953
1.5479999780655	-0.15238589490552
1.5520000457764	-0.15560084026524
1.5559999942780	-0.15891209952376
1.5599999427795	-0.16232252811139
1.5640000104904	-0.16583136916366
1.5679999589920	-0.16943848653107
1.5720000267029	-0.17314554582186
1.5759999752045	-0.17695219771058
1.5800000429153	-0.18085766345672
1.5839999914169	-0.18486491044138
1.5880000591278	-0.18897000709497
1.5920000076294	-0.19317646875676
1.5959999561310	-0.19748096835815
1.6000000238419	-0.20188557769652
1.6039999723434	-0.20638754698568
1.6080000400543	-0.21098926072598
1.6119999885559	-0.21568736931829
1.6160000562668	-0.22048350325581
1.6200000047684	-0.22537534803624
1.6239999532700	-0.23036376638172
1.6280000209808	-0.23544584337882
1.6319999694824	-0.24062287564541
1.6360000371933	-0.24589085844153
1.6399999856949	-0.25125209558645
1.6440000534058	-0.25670546551063
1.6480000019073	-0.26224603959666
1.6519999504089	-0.26787705351651
1.6560000181198	-0.27359526813441
1.6599999666214	-0.27940043901322
1.6640000343323	-0.28529032864117
1.6679999828339	-0.29126462390217
1.6720000505447	-0.29732199878899
1.6759999990463	-0.30346366341600
1.6799999475479	-0.30968508603499
1.6840000152588	-0.31598632779260
1.6879999637604	-0.32236650257095
1.6920000314713	-0.32882575642471
1.6959999799728	-0.33536225083079
1.7000000476837	-0.34197569455317
1.7039999961853	-0.34866473161496
1.7079999446869	-0.35543011376924
1.7120000123978	-0.36227125714189
1.7159999608994	-0.36918532385653
1.7200000286102	-0.37617644977990
1.7239999771118	-0.38324036444112
1.7280000448227	-0.39037876523020
1.7319999933243	-0.39759242469519
1.7359999418259	-0.40488132737556
1.7400000095367	-0.41224723429560
1.7439999580383	-0.41968886602861
1.7480000257492	-0.42720683062437
1.7519999742508	-0.43480511151316
1.7560000419617	-0.44248355928834
1.7599999904633	-0.45024298455795
1.7640000581741	-0.45808730783873
1.7680000066757	-0.46601520361759
1.7719999551773	-0.47403268941915
1.7760000228882	-0.48214049688918
1.7799999713898	-0.49034202229256
1.7840000391006	-0.49863968495057
1.7879999876022	-0.50703780132662
1.7920000553131	-0.51554003382040
1.7960000038147	-0.52414920368760
1.7999999523163	-0.53287144761340
1.8040000200272	-0.54170888213948
1.8079999685287	-0.55066970046083
1.8120000362396	-0.55975644993883
1.8159999847412	-0.56897584141326
1.8200000524521	-0.57833247476280
1.8240000009537	-0.58783507465189
1.8279999494553	-0.59748715288934
1.8320000171661	-0.60729830593926
1.8359999656677	-0.61727521043431
1.8400000333786	-0.62742289095771
1.8439999818802	-0.63775244149778
1.8480000495911	-0.64827131495953
1.8519999980927	-0.65898640102975
1.8559999465942	-0.66990795650811
1.8600000143051	-0.68104698652727
1.8639999628067	-0.69240915638517
1.8680000305176	-0.70400718621041
1.8719999790192	-0.71585097997997
1.8760000467300	-0.72795051376106
1.8799999952316	-0.74031669581896
1.8839999437332	-0.75296222023637
1.8880000114441	-0.76589813530560
1.8919999599457	-0.77913544458393
1.8960000276566	-0.79268616841887
1.8999999761581	-0.80656442496704
1.9040000438690	-0.82078187776303
1.9079999923706	-0.83535299331323
1.9119999408722	-0.85029020581804
1.9160000085831	-0.86560744121308
1.9199999570847	-0.88131883195481
1.9240000247955	-0.89743976761774
1.9279999732971	-0.91398424531256
1.9320000410080	-0.93096764526307
1.9359999895096	-0.94840494948951
1.9400000572205	-0.96631106776578
1.9440000057220	-0.98470285481688
1.9479999542236	-1.0035962658984
1.9520000219345	-1.0230067150498
1.9559999704361	-1.0429518468829
1.9600000381470	-1.0634484578265
1.9639999866486	-1.0845127622171
1.9680000543594	-1.1061632161370
1.9720000028610	-1.1284178058478
1.9759999513626	-1.1512925188855
1.9800000190735	-1.1748070864730
1.9839999675751	-1.1989795550108
1.9880000352859	-1.2238272358479
1.9919999837875	-1.2493699178265
1.9960000514984	-1.2756278787103
2.0000000000000	-1.3026181112312
2.0039999485016	-1.3303602995436
2.0079998970032	-1.3588759787422
2.0120000839233	-1.3881825661391
2.0160000324249	-1.4183028336341
2.0199999809265	-1.4492548155589
2.0239999294281	-1.4810593517259
2.0280001163483	-1.5137389524096
2.0320000648499	-1.5473140752930
2.0360000133514	-1.5818034325861
2.0399999618530	-1.6172315218199
2.0439999103546	-1.6536179576651
2.0480000972748	-1.6909863186266
2.0520000457764	-1.7293584161645
2.0559999942780	-1.7687547879420
2.0599999427795	-1.8092012032072
2.0639998912811	-1.8507168900899
2.0680000782013	-1.8933276199035
2.0720000267029	-1.9370560911136
2.0759999752045	-1.9819267767588
2.0799999237061	-2.0279619325623
2.0840001106262	-2.0751866371053
2.0880000591278	-2.1236255499169
2.0920000076294	-2.1733037493315
2.0959999561310	-2.2242459564214
2.0999999046326	-2.2764781529248
2.1040000915527	-2.3300268457256
2.1080000400543	-2.3849158588428
2.1119999885559	-2.4411727743319
2.1159999370575	-2.4988248024791
2.1199998855591	-2.5579018714143
2.1240000724792	-2.6184263714226
2.1280000209808	-2.6804297565971
2.1319999694824	-2.7439415264352
2.1359999179840	-2.8089863472572
2.1400001049042	-2.8755987634463
2.1440000534058	-2.9438070865727
2.1480000019073	-3.0136401519137
2.1519999504089	-3.0851306459583
2.1559998989105	-3.1583099460875
2.1600000858307	-3.2332082793233
2.1640000343323	-3.3098614469390
2.1679999828339	-3.3883000182559
2.1719999313354	-3.4685597498653
2.1760001182556	-3.5506732500943
2.1800000667572	-3.6346763231143
2.1840000152588	-3.7206060892336
2.1879999637604	-3.8084974387079
2.1919999122620	-3.8983875427109
2.1960000991821	-3.9903160222169
2.2000000476837	-4.0843199670170
2.2039999961853	-4.1804389547467
2.2079999446869	-4.2787130921467
2.2119998931885	-4.3791821283727
2.2160000801086	-4.4818910930032
2.2200000286102	-4.5868780816262
2.2239999771118	-4.6941889442096
2.2279999256134	-4.8038670956245
2.2320001125336	-4.9159576580336
2.2360000610352	-5.0305050798420
2.2400000095367	-5.1475545390033
2.2439999580383	-5.2671546857657
2.2479999065399	-5.3893509078746
2.2520000934601	-5.5141926190290
2.2560000419617	-5.6417278937461
2.2599999904633	-5.7720043598853
2.2639999389648	-5.9050713141500
2.2679998874664	-6.0409769263065
2.2720000743866	-6.1797712991321
2.2760000228882	-6.3215029043857
2.2799999713898	-6.4662174970431
2.2839999198914	-6.6139655508156
2.2880001068115	-6.7647890620302
2.2920000553131	-6.9187338932983
2.2960000038147	-7.0758436313058
2.2999999523163	-7.2361575039530
2.3039999008179	-7.3997093423011
2.3080000877380	-7.5665332572080
2.3120000362396	-7.7366554434158
2.3159999847412	-7.9100987648458
2.3199999332428	-8.0868756167821
2.3239998817444	-8.2669904293516
2.3280000686646	-8.4504415395517
2.3320000171661	-8.6372119289373
2.3359999656677	-8.8272682562477
2.3399999141693	-9.0205644771360
2.3440001010895	-9.2170360487026
2.3480000495911	-9.4165898443272
2.3519999980927	-9.6191156536208
2.3559999465942	-9.8244654265747
2.3599998950958	-10.032459449784
2.3640000820160	-10.242878382195
2.3680000305176	-10.455460300024
2.3719999790192	-10.669882831529
2.3759999275208	-10.885773208141
2.3800001144409	-11.102692690523
2.3840000629425	-11.320125708337
2.3880000114441	-11.537478496506
2.3919999599457	-11.754071342068
2.3959999084473	-11.969122887705
2.4000000953674	-12.181755799591
2.4040000438690	-12.390986638819
2.4079999923706	-12.595722251402
2.4119999408722	-12.794769076640
2.4159998893738	-12.986825635088
2.4200000762939	-13.170505956942
2.4240000247955	-13.344350729514
2.4279999732971	-13.506853009829
2.4319999217987	-13.656488666585
2.4360001087189	-13.791753061757
2.4400000572205	-13.911207932455
2.4440000057220	-14.013531103440
2.4479999542236	-14.097556722814
2.4519999027252	-14.162333355026
2.4560000896454	-14.207160373213
2.4600000381470	-14.231616204232
2.4639999866486	-14.235587936310
2.4679999351501	-14.219266847678
2.4719998836517	-14.183143917461
2.4760000705719	-14.127990954581
2.4800000190735	-14.054813224329
2.4839999675751	-13.964818129168
2.4879999160767	-13.859363424677
2.4920001029968	-13.739906856981
2.4960000514984	-13.607954160426
2.5000000000000	-13.465031520312
2.5039999485016	-13.312632455897
2.5079998970032	-13.152194375657
2.5120000839233	-12.985082432560
2.5160000324249	-12.812566715614
2.5199999809265	-12.635813721300
2.5239999294281	-12.455884935545
2.5280001163483	-12.273731801118
2.5320000648499	-12.090206385474
2.5360000133514	-11.906055416432
2.5399999618530	-11.721935494662
2.5439999103546	-11.538415973402
2.5480000972748	-11.355985652660
2.5520000457764	-11.175067939037
2.5559999942780	-10.996013985061
2.5599999427795	-10.819125183850
2.5639998912811	-10.644648777639
2.5680000782013	-10.472792141938
2.5720000267029	-10.303718038951
2.5759999752045	-10.137563320841
2.5799999237061	-9.9744288734321
2.5840001106262	-9.8143917199172
2.5880000591278	-9.6575134899221
2.5920000076294	-9.5038261591987
2.5959999561310	-9.3533537972111
2.5999999046326	-9.2061061217501
2.6040000915527	-9.0620785309655
2.6080000400543	-8.9212588942210
2.6119999885559	-8.7836219275308
2.6159999370575	-8.6491428180579
2.6199998855591	-8.5177858451894
2.6240000724792	-8.3895114936108
2.6280000209808	-8.2642759754819
2.6319999694824	-8.1420316458367
2.6359999179840	-8.0227304946289
2.6400001049042	-7.9063206400988
2.6440000534058	-7.7927505121925
2.6480000019073	-7.6819626267189
2.6519999504089	-7.5739019198236
2.6559998989105	-7.4685144074138
2.6600000858307	-7.3657410992839
2.6640000343323	-7.2655268419354
2.6679999828339	-7.1678137664404
2.6719999313354	-7.0725448461308
2.6760001182556	-6.9796640895825
2.6800000667572	-6.8891141634245
2.6840000152588	-6.8008407587699
2.6879999637604	-6.7147857163916
2.6919999122620	-6.6308968746920
2.6960000991821	-6.5491174298942
2.7000000476837	-6.4693962023885
2.7039999961853	-6.3916763013935
2.7079999446869	-6.3159078111695
2.7119998931885	-6.2420367065544
2.7160000801086	-6.1700129477944
2.7200000286102	-6.0997843390035
2.7239999771118	-6.0313011010765
2.7279999256134	-5.9645160899035
2.7320001125336	-5.8993781459677
2.7360000610352	-5.8358402310877
2.7400000095367	-5.7738517228587
2.7439999580383	-5.7133710456463
2.7479999065399	-5.6543489181871
2.7520000934601	-5.5967400555490
2.7560000419617	-5.5404998666531
2.7599999904633	-5.4855853004814
2.7639999389648	-5.4319518022894
2.7679998874664	-5.3795556842122
2.7720000743866	-5.3283563327481
2.7760000228882	-5.2783124642905
2.7799999713898	-5.2293840115179
2.7839999198914	-5.1815270114026
2.7880001068115	-5.1347079283976
2.7920000553131	-5.0888841692496
2.7960000038147	-5.0440183639301
2.7999999523163	-5.0000745688207
2.8039999008179	-4.9570139404602
2.8080000877380	-4.9148026667701
2.8120000362396	-4.8734076665208
2.8159999847412	-4.8327905594438
2.8199999332428	-4.7929209755592
2.8239998817444	-4.7537643527479
2.8280000686646	-4.7152906278039
2.8320000171661	-4.6774676531430
2.8359999656677	-4.6402667662538
2.8399999141693	-4.6036559580747
2.8440001010895	-4.5676103944059
2.8480000495911	-4.5320996539526
2.8519999980927	-4.4970980161207
2.8559999465942	-4.4625802845293
2.8599998950958	-4.4285220288798
2.8640000820160	-4.3948990726977
2.8680000305176	-4.3616878772184
2.8719999790192	-4.3288670483126
2.8759999275208	-4.2964155793500
2.8800001144409	-4.2643135814071
2.8840000629425	-4.2325413693086
2.8880000114441	-4.2010824725349
2.8919999599457	-4.1699205352206
2.8959999084473	-4.1390338550946
2.9000000953674	-4.1084141668819
2.9040000438690	-4.0780457679773
2.9079999923706	-4.0479145705795
2.9119999408722	-4.0180080276571
2.9159998893738	-3.9883147307809
2.9200000762939	-3.9588282251011
2.9240000247955	-3.9295349290077
2.9279999732971	-3.9004282130102
2.9319999217987	-3.8715026443214
2.9360001087189	-3.8427507407734
2.9400000572205	-3.8141663844527
2.9440000057220	-3.7857465561912
2.9479999542236	-3.7574856763010
2.9519999027252	-3.7293821422561
2.9560000896454	-3.7014345491873
2.9600000381470	-3.6736409154274
2.9639999866486	-3.6460005462280
2.9679999351501	-3.6185141452524
2.9719998836517	-3.5911832150789
2.9760000705719	-3.5640087290956
2.9800000190735	-3.5369939409616
2.9839999675751	-3.5101416493170
2.9879999160767	-3.4834536091097
2.9920001029968	-3.4569372382904
2.9960000514984	-3.4305951544760
3.0000000000000	-3.4044321573680
3.0039999485016	-3.3784536695743
3.0079998970032	-3.3526667493373
3.0120000839233	-3.3270765249838
3.0160000324249	-3.3016926741965
3.0199999809265	-3.2765177170961
3.0239999294281	-3.2515614513141
3.0280001163483	-3.2268301080794
3.0320000648499	-3.2023340109840
3.0360000133514	-3.1780770328821
3.0399999618530	-3.1540699081034
3.0439999103546	-3.1303194968672
3.0480000972748	-3.1068332688157
3.0520000457764	-3.0836197866330
3.0559999942780	-3.0606878882252
3.0599999427795	-3.0380441597629
3.0639998912811	-3.0156964043268
3.0680000782013	-2.9936538702720
3.0720000267029	-2.9719226432146
3.0759999752045	-2.9505115768131
3.0799999237061	-2.9294272584286
3.0840001106262	-2.9086770321403
3.0880000591278	-2.8882664110434
3.0920000076294	-2.8682036217014
3.0959999561310	-2.8484921203193
3.0999999046326	-2.8291423829547
3.1040000915527	-2.8101566950701
3.1080000400543	-2.7915409198460
3.1119999885559	-2.7733002295797
3.1159999370575	-2.7554387411291
3.1199998855591	-2.7379610023910
3.1240000724792	-2.7208712913360
3.1280000209808	-2.7041705859982
3.1319999694824	-2.6878651139898
3.1359999179840	-2.6719535598285
3.1400001049042	-2.6564403390847
3.1440000534058	-2.6413256262612
3.1480000019073	-2.6266109884306
3.1519999504089	-2.6122967414998
3.1559998989105	-2.5983827116609
3.1600000858307	-2.5848679457502
3.1640000343323	-2.5717517174753
3.1679999828339	-2.5590330867911
3.1719999313354	-2.5467097048069
3.1760001182556	-2.5347779437899
3.1800000667572	-2.5232343915432
3.1840000152588	-2.5120776062772
3.1879999637604	-2.5013009748599
3.1919999122620	-2.4909012670292
3.1960000991821	-2.4808734447315
3.2000000476837	-2.4712113704533
3.2039999961853	-2.4619087460395
3.2079999446869	-2.4529584390189
3.2119998931885	-2.4443545573572
3.2160000801086	-2.4360885266433
3.2200000286102	-2.4281528514467
3.2239999771118	-2.4205382746680
3.2279999256134	-2.4132356218847
3.2320001125336	-2.4062355266004
3.2360000610352	-2.3995307952444
3.2400000095367	-2.3931077214446
3.2439999580383	-2.3869575280459
3.2479999065399	-2.3810684176978
3.2520000934601	-2.3754301852000
3.2560000419617	-2.3700305789641
3.2599999904633	-2.3648572941011
3.2639999389648	-2.3598986396146
3.2679998874664	-2.3551425625686
3.2720000743866	-2.3505758169832
3.2760000228882	-2.3461854642621
3.2799999713898	-2.3419585234702
3.2839999198914	-2.3378817461110
3.2880001068115	-2.3339419663148
3.2920000553131	-2.3301261652891
3.2960000038147	-2.3264189167176
3.2999999523163	-2.3228094132908
3.3039999008179	-2.3192817034224
3.3080000877380	-2.3158240858896
3.3120000362396	-2.3124202157745
3.3159999847412	-2.3090605285185
3.3199999332428	-2.3057295451960
3.3239998817444	-2.3024140094471
3.3280000686646	-2.2991017999969
3.3320000171661	-2.2957791262821
3.3359999656677	-2.2924335754185
3.3399999141693	-2.2890540171229
3.3440001010895	-2.2856260864632
3.3480000495911	-2.2821402503378
3.3519999980927	-2.2785862000311
3.3559999465942	-2.2749503516170
3.3599998950958	-2.2712232765862
3.3640000820160	-2.2673974472758
3.3680000305176	-2.2634593748466
3.3719999790192	-2.2594022254126
3.3759999275208	-2.2552166788341
3.3800001144409	-2.2508965831262
3.3840000629425	-2.2464326064108
3.3880000114441	-2.2418198074418
3.3919999599457	-2.2370506116980
3.3959999084473	-2.2321208269287
3.4000000953674	-2.2270246268539
3.4040000438690	-2.2217584707109
3.4079999923706	-2.2163183667679
3.4119999408722	-2.2107012399575
3.4159998893738	-2.2049064013470
3.4200000762939	-2.1989311832826
3.4240000247955	-2.1927762717299
3.4279999732971	-2.1864400178128
3.4319999217987	-2.1799249226399
3.4360001087189	-2.1732306729022
3.4400000572205	-2.1663594090561
3.4440000057220	-2.1593154846374
3.4479999542236	-2.1521005307004
3.4519999027252	-2.1447200123218
3.4560000896454	-2.1371773181675
3.4600000381470	-2.1294789634645
3.4639999866486	-2.1216306997490
3.4679999351501	-2.1136395025666
3.4719998836517	-2.1055108343377
3.4760000705719	-2.0972533044052
3.4800000190735	-2.0888753979664
3.4839999675751	-2.0803854271919
3.4879999160767	-2.0717928398889
3.4920001029968	-2.0631056364053
3.4960000514984	-2.0543362138550
3.5000000000000	-2.0454929032000
3.5039999485016	-2.0365870999726
3.5079998970032	-2.0276300582877
3.5120000839233	-2.0186315159594
3.5160000324249	-2.0096062995486
3.5199999809265	-2.0005612168476
3.5239999294281	-1.9915126995778
3.5280001163483	-1.9824691885580
3.5320000648499	-1.9734461239954
3.5360000133514	-1.9644529401774
3.5399999618530	-1.9555028227806
3.5439999103546	-1.9466087981827
3.5480000972748	-1.9377818443368
3.5520000457764	-1.9290334188880
3.5559999942780	-1.9203774746473
3.5599999427795	-1.9118252632316
3.5639998912811	-1.9033879074981
3.5680000782013	-1.8950777797200
3.5720000267029	-1.8869052073038
3.5759999752045	-1.8788830178098
3.5799999237061	-1.8710188524619
3.5840001106262	-1.8633267338397
3.5880000591278	-1.8558148731785
3.5920000076294	-1.8484940102107
3.5959999561310	-1.8413729772959
3.5999999046326	-1.8344612353836
3.6040000915527	-1.8277676314669
3.6080000400543	-1.8212991228869
3.6119999885559	-1.8150652642065
3.6159999370575	-1.8090724666200
3.6199998855591	-1.8033272074082
3.6240000724792	-1.7978373212385
3.6280000209808	-1.7926056205219
3.6319999694824	-1.7876401249027
3.6359999179840	-1.7829451183649
3.6400001049042	-1.7785237474087
3.6440000534058	-1.7743786346258
3.6480000019073	-1.7705150758064
3.6519999504089	-1.7669334215108
3.6559998989105	-1.7636373346524
3.6600000858307	-1.7606280862663
3.6640000343323	-1.7579026564233
3.6679999828339	-1.7554657845250
3.6719999313354	-1.7533122219260
3.6760001182556	-1.7514438437393
3.6800000667572	-1.7498576079636
3.6840000152588	-1.7485518924598
3.6879999637604	-1.7475201580857
3.6919999122620	-1.7467636097978
3.6960000991821	-1.7462740976937
3.7000000476837	-1.7460480403443
3.7039999961853	-1.7460807212258
3.7079999446869	-1.7463631172121
3.7119998931885	-1.7468920191375
3.7160000801086	-1.7476567302987
3.7200000286102	-1.7486517183582
3.7239999771118	-1.7498677436421
3.7279999256134	-1.7512956463069
3.7320001125336	-1.7529263379605
3.7360000610352	-1.7547501554841
3.7400000095367	-1.7567555867762
3.7439999580383	-1.7589330548355
3.7479999065399	-1.7612692096145
3.7520000934601	-1.7637538829650
3.7560000419617	-1.7663756461406
3.7599999904633	-1.7691205217999
3.7639999389648	-1.7719764238618
3.7679998874664	-1.7749293257782
3.7720000743866	-1.7779677067674
3.7760000228882	-1.7810755485616
3.7799999713898	-1.7842424943292
3.7839999198914	-1.7874498541144
3.7880001068115	-1.7906864947135
3.7920000553131	-1.7939380169007
3.7960000038147	-1.7971899299588
3.7999999523163	-1.8004276548382
3.8039999008179	-1.8036371328165
3.8080000877380	-1.8068035742273
3.8120000362396	-1.8099127036877
3.8159999847412	-1.8129501442555
3.8199999332428	-1.8159033098865
3.8239998817444	-1.8187588510445
3.8280000686646	-1.8215014010421
3.8320000171661	-1.8241180184468
3.8359999656677	-1.8265962778591
3.8399999141693	-1.8289255651228
3.8440001010895	-1.8310906708908
3.8480000495911	-1.8330820330239
3.8519999980927	-1.8348886931265
3.8559999465942	-1.8364989655089
3.8599998950958	-1.8379035963584
3.8640000820160	-1.8390919761045
3.8680000305176	-1.8400572436677
3.8719999790192	-1.8407905138771
3.8759999275208	-1.8412828469543
3.8800001144409	-1.8415283923639
3.8840000629425	-1.8415218912577
3.8880000114441	-1.8412586589529
3.8919999599457	-1.8407313808103
3.8959999084473	-1.8399390805290
3.9000000953674	-1.8388775491724
3.9040000438690	-1.8375463398352
3.9079999923706	-1.8359417816391
3.9119999408722	-1.8340672056194
3.9159998893738	-1.8319201279862
3.9200000762939	-1.8295012397890
3.9240000247955	-1.8268150260241
3.9279999732971	-1.8238653025635
3.9319999217987	-1.8206520422295
3.9360001087189	-1.8171840991457
3.9400000572205	-1.8134639547289
3.9440000057220	-1.8095003935871
3.9479999542236	-1.8053002875751
3.9519999027252	-1.8008698545376
3.9560000896454	-1.7962184698148
3.9600000381470	-1.7913560908802
3.9639999866486	-1.7862914117937
3.9679999351501	-1.7810375236964
3.9719998836517	-1.7756024209831
3.9760000705719	-1.7700004276965
3.9800000190735	-1.7642439054061
3.9839999675751	-1.7583452364084
3.9879999160767	-1.7523160996861
3.9920001029968	-1.7461732672056
3.9960000514984	-1.7399283737533
4.0000000000000	-1.7335987619961