Freq	Magn
0.0000000000000	-0.00066063503436242
0.0040000001899898	-0.00068138689753847
0.0080000003799796	-0.00074313176715224
0.012000000104308	-0.00084381968595669
0.016000000759959	-0.00098555667115183
0.019999999552965	-0.0011673560499428
0.024000000208616	-0.0013887622593669
0.028000000864267	-0.0016488151693014
0.032000001519918	-0.0019470852547114
0.035999998450279	-0.0022816016957429
0.039999999105930	-0.0026524770129797
0.043999999761581	-0.0030582801572593
0.048000000417233	-0.0034991469136489
0.052000001072884	-0.0039726302908970
0.056000001728535	-0.0044773301601800
0.059999998658895	-0.0050123720123523
0.064000003039837	-0.0055753349434481
0.068000003695488	-0.0061648392860183
0.071999996900558	-0.0067800309745437
0.075999997556210	-0.0074185049013759
0.079999998211861	-0.0080778606627830
0.083999998867512	-0.0087588066048376
0.087999999523163	-0.0094558387399550
0.092000000178814	-0.010170187971433
0.096000000834465	-0.010897901286289
0.10000000149012	-0.011638136447493
0.10400000214577	-0.012386414865627
0.10800000280142	-0.013143448589591
0.11200000345707	-0.013904751920347
0.11599999666214	-0.014670498224971
0.11999999731779	-0.015436712616426
0.12399999797344	-0.016201488177144
0.12800000607967	-0.016962898912563
0.13199999928474	-0.017719021907254
0.13600000739098	-0.018467396467831
0.14000000059605	-0.019205035747981
0.14399999380112	-0.019931538636006
0.14800000190735	-0.020643366679647
0.15199999511242	-0.021339058115628
0.15600000321865	-0.022017129834548
0.15999999642372	-0.022675047314000
0.16400000452995	-0.023309221830915
0.16799999773502	-0.023919688905906
0.17200000584126	-0.024505416377742
0.17599999904633	-0.025064852667407
0.18000000715256	-0.025592790864688
0.18400000035763	-0.026091793177237
0.18799999356270	-0.026558163119675
0.19200000166893	-0.026990810427552
0.19599999487400	-0.027389119067245
0.20000000298023	-0.027750921401148
0.20399999618530	-0.028075582343467
0.20800000429153	-0.028363987804744
0.21199999749660	-0.028610817174980
0.21600000560284	-0.028819530259086
0.21999999880791	-0.028988379907511
0.22400000691414	-0.029115088058513
0.22800000011921	-0.029202043955698
0.23199999332428	-0.029245913908737
0.23600000143051	-0.029249026828016
0.23999999463558	-0.029210103378494
0.24400000274181	-0.029129909378755
0.24799999594688	-0.029008162158227
0.25200000405312	-0.028844559428248
0.25600001215935	-0.028640884226838
0.25999999046326	-0.028397323759683
0.26399999856949	-0.028113578667335
0.26800000667572	-0.027790843078314
0.27200001478195	-0.027430341834817
0.27599999308586	-0.027031730506512
0.28000000119209	-0.026599830888136
0.28400000929832	-0.026132219811512
0.28799998760223	-0.025631647696526
0.29199999570847	-0.025098765977621
0.29600000381470	-0.024535804259802
0.30000001192093	-0.023943446819013
0.30399999022484	-0.023324409080221
0.30799999833107	-0.022679883294557
0.31200000643730	-0.022013151371530
0.31600001454353	-0.021322777642851
0.31999999284744	-0.020613093099138
0.32400000095367	-0.019887357328962
0.32800000905991	-0.019145206465639
0.33199998736382	-0.018389977401645
0.33599999547005	-0.017622828553706
0.34000000357628	-0.016847629160172
0.34400001168251	-0.016064550741313
0.34799998998642	-0.015277990599935
0.35199999809265	-0.014488648589208
0.35600000619888	-0.013699926403180
0.36000001430511	-0.012913595157555
0.36399999260902	-0.012130978232471
0.36800000071526	-0.011356019165707
0.37200000882149	-0.010589508109193
0.37599998712540	-0.0098359174875289
0.37999999523163	-0.0090940752685150
0.38400000333786	-0.0083695007857481
0.38800001144409	-0.0076625282525214
0.39199998974800	-0.0069751837398690
0.39599999785423	-0.0063094232934396
0.40000000596046	-0.0056698452447844
0.40400001406670	-0.0050543166450767
0.40799999237061	-0.0044680383829172
0.41200000047684	-0.0039109403758206
0.41600000858307	-0.0033841644144541
0.41999998688698	-0.0028923627798306
0.42399999499321	-0.0024330149780491
0.42800000309944	-0.0020098717657505
0.43200001120567	-0.0016260991844591
0.43599998950958	-0.0012778064032864
0.43999999761581	-0.00097129131528202
0.44400000572205	-0.00070418099108299
0.44800001382828	-0.00047919999205443
0.45199999213219	-0.00029613313421634
0.45600000023842	-0.00015578074951156
0.46000000834465	-6.0443247973570e-05
0.46399998664856	-8.8662817502596e-06
0.46799999475479	2.3363012714585e-07
0.47200000286102	-3.8172872734516e-05
0.47600001096725	-0.00011767066148637
0.47999998927116	-0.00024385448771941
0.48399999737740	-0.00041492371680016
0.48800000548363	-0.00063027739415322
0.49200001358986	-0.00088717699237093
0.49599999189377	-0.0011886644669427
0.50000000000000	-0.0015319592463594
0.50400000810623	-0.0019180760969106
0.50800001621246	-0.0023442394223329
0.51200002431870	-0.0028114444885044
0.51599997282028	-0.0033158768339515
0.51999998092651	-0.0038575713326129
0.52399998903275	-0.0044357599887632
0.52799999713898	-0.0050493595865154
0.53200000524521	-0.0056951403873348
0.53600001335144	-0.0063734601950734
0.54000002145767	-0.0070800170459743
0.54400002956390	-0.0078152426712972
0.54799997806549	-0.0085757052478770
0.55199998617172	-0.0093608406501084
0.55599999427795	-0.010168299603201
0.56000000238419	-0.010994163425392
0.56400001049042	-0.011838735489444
0.56800001859665	-0.012697601650638
0.57200002670288	-0.013570427153620
0.57599997520447	-0.014454206885729
0.57999998331070	-0.015345576490085
0.58399999141693	-0.016243050971202
0.58799999952316	-0.017142975894842
0.59200000762939	-0.018045496246816
0.59600001573563	-0.018945349672087
0.60000002384186	-0.019843123101885
0.60399997234344	-0.020733013254370
0.60799998044968	-0.021613813224271
0.61199998855591	-0.022483804495537
0.61599999666214	-0.023340757791124
0.62000000476837	-0.024181430102239
0.62400001287460	-0.025003297662912
0.62800002098083	-0.025804580539300
0.63200002908707	-0.026583867324740
0.63599997758865	-0.027337626352011
0.63999998569489	-0.028064391953237
0.64399999380112	-0.028762621684130
0.64800000190735	-0.029428279275059
0.65200001001358	-0.030061677285453
0.65600001811981	-0.030660663888096
0.66000002622604	-0.031223073427401
0.66399997472763	-0.031747797629512
0.66799998283386	-0.032232440812642
0.67199999094009	-0.032676935217005
0.67599999904633	-0.033078077044059
0.68000000715256	-0.033437473996860
0.68400001525879	-0.033751953538515
0.68800002336502	-0.034021813104278
0.69199997186661	-0.034245192302825
0.69599997997284	-0.034423075665394
0.69999998807907	-0.034552852363519
0.70399999618530	-0.034635247737915
0.70800000429153	-0.034671398109560
0.71200001239777	-0.034659562531083
0.71600002050400	-0.034600336362328
0.72000002861023	-0.034494149982049
0.72399997711182	-0.034340708260028
0.72799998521805	-0.034141252011719
0.73199999332428	-0.033896020131247
0.73600000143051	-0.033605859789976
0.74000000953674	-0.033271096435061
0.74400001764297	-0.032893901754111
0.74800002574921	-0.032475282995732
0.75199997425079	-0.032016227434085
0.75599998235703	-0.031518198423235
0.75999999046326	-0.030982714921472
0.76399999856949	-0.030411926790980
0.76800000667572	-0.029806896478123
0.77200001478195	-0.029169815877599
0.77600002288818	-0.028503453819107
0.77999997138977	-0.027809367328237
0.78399997949600	-0.027088801533152
0.78799998760223	-0.026344927871419
0.79199999570847	-0.025582156576863
0.79600000381470	-0.024799769474928
0.80000001192093	-0.024001228061428
0.80400002002716	-0.023189733954256
0.80800002813339	-0.022367650780223
0.81199997663498	-0.021537820873070
0.81599998474121	-0.020703081703265
0.81999999284744	-0.019866494333058
0.82400000095367	-0.019028914092796
0.82800000905991	-0.018195592242239
0.83200001716614	-0.017368521151860
0.83600002527237	-0.016550160714941
0.83999997377396	-0.015743219059085
0.84399998188019	-0.014952212359056
0.84799998998642	-0.014176648784283
0.85199999809265	-0.013423743102546
0.85600000619888	-0.012691623510392
0.86000001430511	-0.011987015579829
0.86400002241135	-0.011309779096877
0.86799997091293	-0.010662966907827
0.87199997901917	-0.010050696220567
0.87599998712540	-0.0094739584993664
0.87999999523163	-0.0089351572912389
0.88400000333786	-0.0084367614496169
0.88800001144409	-0.0079818537410143
0.89200001955032	-0.0075710793676245
0.89600002765656	-0.0072066676545971
0.89999997615814	-0.0068921033212052
0.90399998426437	-0.0066278920305596
0.90799999237061	-0.0064159018749229
0.91200000047684	-0.0062570733937521
0.91600000858307	-0.0061534994789240
0.92000001668930	-0.0061067245362034
0.92400002479553	-0.0061161937336293
0.92799997329712	-0.0061849334740963
0.93199998140335	-0.0063120491791771
0.93599998950958	-0.0064993613660228
0.93999999761581	-0.0067479366480036
0.94400000572205	-0.0070557078342860
0.94800001382828	-0.0074260997105326
0.95200002193451	-0.0078565987836019
0.95599997043610	-0.0083483856337029
0.95999997854233	-0.0089009051431789
0.96399998664856	-0.0095143328068801
0.96799999475479	-0.010187205573113
0.97200000286102	-0.010918595877008
0.97600001096725	-0.011708410452637
0.98000001907349	-0.012554866706203
0.98400002717972	-0.013458458182303
0.98799997568130	-0.014416391512431
0.99199998378754	-0.015427018320637
0.99599999189377	-0.016489816281663
1.0000000000000	-0.017601496837527
1.0039999485016	-0.018762017517030
1.0080000162125	-0.019969169738606
1.0119999647141	-0.021219479728624
1.0160000324249	-0.022511856316252
1.0199999809265	-0.023843558580315
1.0240000486374	-0.025210535587751
1.0279999971390	-0.026613203700995
1.0319999456406	-0.028046966940346
1.0360000133514	-0.029509246022522
1.0399999618530	-0.030997466555757
1.0440000295639	-0.032508776382808
1.0479999780655	-0.034039745452055
1.0520000457764	-0.035587602104176
1.0559999942780	-0.037150309651748
1.0599999427795	-0.038723278940187
1.0640000104904	-0.040303536493911
1.0679999589920	-0.041888845967152
1.0720000267029	-0.043474465622750
1.0759999752045	-0.045058830904855
1.0800000429153	-0.046637869692180
1.0839999914169	-0.048208273443942
1.0880000591278	-0.049767605043766
1.0920000076294	-0.051312220091502
1.0959999561310	-0.052839286421344
1.1000000238419	-0.054345058640646
1.1039999723434	-0.055827434360261
1.1080000400543	-0.057282795174384
1.1119999885559	-0.058709669139130
1.1160000562668	-0.060103639326121
1.1200000047684	-0.061464004296278
1.1239999532700	-0.062785941795907
1.1280000209808	-0.064068790586612
1.1319999694824	-0.065309980128580
1.1360000371933	-0.066506955501111
1.1399999856949	-0.067657678484944
1.1440000534058	-0.068760071381766
1.1480000019073	-0.069813128556740
1.1519999504089	-0.070816234455164
1.1560000181198	-0.071765568951075
1.1599999666214	-0.072662199362216
1.1640000343323	-0.073503060231315
1.1679999828339	-0.074289709042385
1.1720000505447	-0.075018926368837
1.1759999990463	-0.075691978084539
1.1799999475479	-0.076309498226379
1.1840000152588	-0.076868707883955
1.1879999637604	-0.077372157630821
1.1920000314713	-0.077818552063595
1.1959999799728	-0.078209206400313
1.2000000476837	-0.078545939871263
1.2039999961853	-0.078826927643038
1.2079999446869	-0.079056467372162
1.2120000123978	-0.079233357429291
1.2159999608994	-0.079361330264378
1.2200000286102	-0.079440591812902
1.2239999771118	-0.079473520054405
1.2280000448227	-0.079461989577195
1.2319999933243	-0.079411140406931
1.2359999418259	-0.079318641315820
1.2400000095367	-0.079191129211010
1.2439999580383	-0.079029809730553
1.2480000257492	-0.078838716922983
1.2519999742508	-0.078619792386493
1.2560000419617	-0.078376678798861
1.2599999904633	-0.078113380331081
1.2640000581741	-0.077834438609566
1.2680000066757	-0.077543612366928
1.2719999551773	-0.077241416336406
1.2760000228882	-0.076935858698289
1.2799999713898	-0.076628950468552
1.2840000391006	-0.076326291120041
1.2879999876022	-0.076031810922642
1.2920000553131	-0.075749460966981
1.2960000038147	-0.075483375890081
1.2999999523163	-0.075239417593372
1.3040000200272	-0.075019692130365
1.3079999685287	-0.074831580889019
1.3120000362396	-0.074677501365767
1.3159999847412	-0.074564264690458
1.3200000524521	-0.074495141682387
1.3240000009537	-0.074474832772895
1.3279999494553	-0.074507364608554
1.3320000171661	-0.074598571903685
1.3359999656677	-0.074751575403373
1.3400000333786	-0.074971420915113
1.3439999818802	-0.075264274026811
1.3480000495911	-0.075630760777385
1.3519999980927	-0.076078699276075
1.3559999465942	-0.076609262214045
1.3600000143051	-0.077229827743295
1.3639999628067	-0.077940766909681
1.3680000305176	-0.078747382438542
1.3719999790192	-0.079653935973448
1.3760000467300	-0.080664091413311
1.3799999952316	-0.081779872727223
1.3839999437332	-0.083004325220585
1.3880000114441	-0.084342138934910
1.3919999599457	-0.085795178303927
1.3960000276566	-0.087365414556673
1.3999999761581	-0.089056919836806
1.4040000438690	-0.090870664801887
1.4079999923706	-0.092808589881693
1.4119999408722	-0.094875076325232
1.4160000085831	-0.097068791550123
1.4199999570847	-0.099392090028059
1.4240000247955	-0.10184759879595
1.4279999732971	-0.10443412622910
1.4320000410080	-0.10715367188616
1.4359999895096	-0.11000716405486
1.4400000572205	-0.11299478002487
1.4440000057220	-0.11611520256412
1.4479999542236	-0.11936969143402
1.4520000219345	-0.12275923877356
1.4559999704361	-0.12627997914621
1.4600000381470	-0.12993419902215
1.4639999866486	-0.13371839793177
1.4680000543594	-0.13763459543689
1.4720000028610	-0.14167945265942
1.4759999513626	-0.14585050829051
1.4800000190735	-0.15014675634424
1.4839999675751	-0.15456840166769
1.4880000352859	-0.15910892776852
1.4919999837875	-0.16376932728714
1.4960000514984	-0.16854686059858
1.5000000000000	-0.17343656035867
1.5039999485016	-0.17843832903531
1.5080000162125	-0.18354757441717
1.5119999647141	-0.18876120682236
1.5160000324249	-0.19407723909506
1.5199999809265	-0.19948956470376
1.5240000486374	-0.20499798653972
1.5279999971390	-0.21059599075790
1.5319999456406	-0.21628179426083
1.5360000133514	-0.22205137340630
1.5399999618530	-0.22790138272457
1.5440000295639	-0.23382688656007
1.5479999780655	-0.23982443128517
1.5520000457764	-0.24589046737259
1.5559999942780	-0.25202228389221
1.5599999427795	-0.25821366125353
1.5640000104904	-0.26446211288550
1.5679999589920	-0.27076544089999
1.5720000267029	-0.27711735254717
1.5759999752045	-0.28351715993284
1.5800000429153	-0.28995910655247
1.5839999914169	-0.29644025729403
1.5880000591278	-0.30295973805774
1.5920000076294	-0.30951238236033
1.5959999561310	-0.31609485427066
1.6000000238419	-0.32270619829417
1.6039999723434	-0.32934399620259
1.6080000400543	-0.33600553046682
1.6119999885559	-0.34268942959396
1.6160000562668	-0.34939417157288
1.6200000047684	-0.35611697947396
1.6239999532700	-0.36285926967330
1.6280000209808	-0.36961793683682
1.6319999694824	-0.37639523505510
1.6360000371933	-0.38318921341233
1.6399999856949	-0.39000141394685
1.6440000534058	-0.39683078448320
1.6480000019073	-0.40367980329184
1.6519999504089	-0.41055075546149
1.6560000181198	-0.41744356525619
1.6599999666214	-0.42436306640203
1.6640000343323	-0.43131016627969
1.6679999828339	-0.43828728537920
1.6720000505447	-0.44530013962022
1.6759999990463	-0.45235232931957
1.6799999475479	-0.45944807318268
1.6840000152588	-0.46659222380102
1.6879999637604	-0.47379082021899
1.6920000314713	-0.48104983144188
1.6959999799728	-0.48837460102863
1.7000000476837	-0.49577255651355
1.7039999961853	-0.50325351120824
1.7079999446869	-0.51082265474003
1.7120000123978	-0.51848855482931
1.7159999608994	-0.52626113026791
1.7200000286102	-0.53415015372557
1.7239999771118	-0.54216316716977
1.7280000448227	-0.55031330021090
1.7319999933243	-0.55860933118730
1.7359999418259	-0.56706202945209
1.7400000095367	-0.57568529481630
1.7439999580383	-0.58448877090553
1.7480000257492	-0.59348594896600
1.7519999742508	-0.60269182264327
1.7560000419617	-0.61211558909565
1.7599999904633	-0.62177517799909
1.7640000581741	-0.63168126796290
1.7680000066757	-0.64184998958991
1.7719999551773	-0.65229641442994
1.7760000228882	-0.66303514262223
1.7799999713898	-0.67408209877771
1.7840000391006	-0.68545373368675
1.7879999876022	-0.69716431033040
1.7920000553131	-0.70923312862890
1.7960000038147	-0.72167584883994
1.7999999523163	-0.73450695989954
1.8040000200272	-0.74774711270781
1.8079999685287	-0.76141365928604
1.8120000362396	-0.77552341412835
1.8159999847412	-0.79009598351431
1.8200000524521	-0.80514678006531
1.8240000009537	-0.82069642212192
1.8279999494553	-0.83676435133934
1.8320000171661	-0.85336648732301
1.8359999656677	-0.87052530282885
1.8400000333786	-0.88825616056817
1.8439999818802	-0.90658167094387
1.8480000495911	-0.92551874477392
1.8519999980927	-0.94509003888000
1.8559999465942	-0.96531176946442
1.8600000143051	-0.98620632232408
1.8639999628067	-1.0077912215489
1.8680000305176	-1.0300884084244
1.8719999790192	-1.0531154631344
1.8760000467300	-1.0768956089146
1.8799999952316	-1.1014461526041
1.8839999437332	-1.1267883756427
1.8880000114441	-1.1529415323352
1.8919999599457	-1.1799265060694
1.8960000276566	-1.2077623418457
1.8999999761581	-1.2364713703607
1.9040000438690	-1.2660709704888
1.9079999923706	-1.2965834497444
1.9119999408722	-1.3280276876368
1.9160000085831	-1.3604234523329
1.9199999570847	-1.3937911568732
1.9240000247955	-1.4281512961044
1.9279999732971	-1.4635234277487
1.9320000410080	-1.4999258788371
1.9359999895096	-1.5373824255481
1.9400000572205	-1.5759082275064
1.9440000057220	-1.6155247933004
1.9479999542236	-1.6562525755045
1.9520000219345	-1.6981103850292
1.9559999704361	-1.7411174635593
1.9600000381470	-1.7852925657505
1.9639999866486	-1.8306546383605
1.9680000543594	-1.8772235747569
1.9720000028610	-1.9250187809114
1.9759999513626	-1.9740580815356
1.9800000190735	-2.0243604642032
1.9839999675751	-2.0759427815779
1.9880000352859	-2.1288240365282
1.9919999837875	-2.1830236239232
1.9960000514984	-2.2385580586170
2.0000000000000	-2.2954449066718
2.0039999485016	-2.3537017162603
2.0079998970032	-2.4133448942914
2.0120000839233	-2.4743932544286
2.0160000324249	-2.5368599942426
2.0199999809265	-2.6007623741678
2.0239999294281	-2.6661168495349
2.0280001163483	-2.7329369474984
2.0320000648499	-2.8012392263309
2.0360000133514	-2.8710361166117
2.0399999618530	-2.9423416925444
2.0439999103546	-3.0151695678626
2.0480000972748	-3.0895310428998
2.0520000457764	-3.1654382089798
2.0559999942780	-3.2429016665384
2.0599999427795	-3.3219316690928
2.0639998912811	-3.4025380825476
2.0680000782013	-3.4847259834243
2.0720000267029	-3.5685037976281
2.0759999752045	-3.6538763674929
2.0799999237061	-3.7408478649917
2.0840001106262	-3.8294241668663
2.0880000591278	-3.9196009791629
2.0920000076294	-4.0113794579680
2.0959999561310	-4.1047585226600
2.0999999046326	-4.1997315821667
2.1040000915527	-4.2962919829125
2.1080000400543	-4.3944305005043
2.1119999885559	-4.4941321742043
2.1159999370575	-4.5953858336096
2.1199998855591	-4.6981711439328
2.1240000724792	-4.8024637570339
2.1280000209808	-4.9082411134626
2.1319999694824	-5.0154719325251
2.1359999179840	-5.1241202774460
2.1400001049042	-5.2341496338993
2.1440000534058	-5.3455121500356
2.1480000019073	-5.4581606061931
2.1519999504089	-5.5720369878090
2.1559998989105	-5.6870776931882
2.1600000858307	-5.8032174992088
2.1640000343323	-5.9203756033344
2.1679999828339	-6.0384670930193
2.1719999313354	-6.1573979232147
2.1760001182556	-6.2770654577210
2.1800000667572	-6.3973592107612
2.1840000152588	-6.5181533582591
2.1879999637604	-6.6393172797019
2.1919999122620	-6.7607067227318
2.1960000991821	-6.8821626263843
2.2000000476837	-7.0035191439553
2.2039999961853	-7.1245958238582
2.2079999446869	-7.2451981617402
2.2119998931885	-7.3651187318124
2.2160000801086	-7.4841408135360
2.2200000286102	-7.6020307377317
2.2239999771118	-7.7185405403277
2.2279999256134	-7.8334176944162
2.2320001125336	-7.9463882862435
2.2360000610352	-8.0571744491979
2.2400000095367	-8.1654864896328
2.2439999580383	-8.2710238670943
2.2479999065399	-8.3734844051405
2.2520000934601	-8.4725575131722
2.2560000419617	-8.5679324099710
2.2599999904633	-8.6592961282358
2.2639999389648	-8.7463415842488
2.2679998874664	-8.8287666228268
2.2720000743866	-8.9062786053731
2.2760000228882	-8.9785987755470
2.2799999713898	-9.0454657210304
2.2839999198914	-9.1066349337517
2.2880001068115	-9.1618875223373
2.2920000553131	-9.2110337735581
2.2960000038147	-9.2539087951316
2.2999999523163	-9.2903816353128
2.3039999008179	-9.3203589189882
2.3080000877380	-9.3437750856648
2.3120000362396	-9.3606122332900
2.3159999847412	-9.3708805242415
2.3199999332428	-9.3746309712997
2.3239998817444	-9.3719510433421
2.3280000686646	-9.3629597978689
2.3320000171661	-9.3478134419288
2.3359999656677	-9.3266939142247
2.3399999141693	-9.2998118914525
2.3440001010895	-9.2674038785041
2.3480000495911	-9.2297230729202
2.3519999980927	-9.1870450599405
2.3559999465942	-9.1396527957840
2.3599998950958	-9.0878458114638
2.3640000820160	-9.0319244989337
2.3680000305176	-8.9721989102552
2.3719999790192	-8.9089718317759
2.3759999275208	-8.8425541737587
2.3800001144409	-8.7732441276845
2.3840000629425	-8.7013367987274
2.3880000114441	-8.6271194875600
2.3919999599457	-8.5508707091226
2.3959999084473	-8.4728552445100
2.4000000953674	-8.3933273227445
2.4040000438690	-8.3125289061932
2.4079999923706	-8.2306923621274
2.4119999408722	-8.1480313462556
2.4159998893738	-8.0647498973784
2.4200000762939	-7.9810381959545
2.4240000247955	-7.8970735036063
2.4279999732971	-7.8130191930569
2.4319999217987	-7.7290285259182
2.4360001087189	-7.6452408744432
2.4400000572205	-7.5617854404180
2.4440000057220	-7.4787797377623
2.4479999542236	-7.3963310429780
2.4519999027252	-7.3145369858333
2.4560000896454	-7.2334855568480
2.4600000381470	-7.1532568085299
2.4639999866486	-7.0739204059910
2.4679999351501	-6.9955403713377
2.4719998836517	-6.9181731521585
2.4760000705719	-6.8418674729314
2.4800000190735	-6.7666661313405
2.4839999675751	-6.6926058684412
2.4879999160767	-6.6197205645079
2.4920001029968	-6.5480337770659
2.4960000514984	-6.4775671414799
2.5000000000000	-6.4083413275237
2.5039999485016	-6.3403659441332
2.5079998970032	-6.2736517030445
2.5120000839233	-6.2082064448965
2.5160000324249	-6.1440316627594
2.5199999809265	-6.0811270133437
2.5239999294281	-6.0194902679477
2.5280001163483	-5.9591162851392
2.5320000648499	-5.8999978087704
2.5360000133514	-5.8421247354236
2.5399999618530	-5.7854850734022
2.5439999103546	-5.7300658486682
2.5480000972748	-5.6758518201563
2.5520000457764	-5.6228272480004
2.5559999942780	-5.5709738448263
2.5599999427795	-5.5202716130284
2.5639998912811	-5.4707012073573
2.5680000782013	-5.4222397053351
2.5720000267029	-5.3748677702358
2.5759999752045	-5.3285589637627
2.5799999237061	-5.2832922973527
2.5840001106262	-5.2390399220185
2.5880000591278	-5.1957810243591
2.5920000076294	-5.1534867571684
2.5959999561310	-5.1121297745842
2.5999999046326	-5.0716878878028
2.6040000915527	-5.0321310807393
2.6080000400543	-4.9934328377387
2.6119999885559	-4.9555668307360
2.6159999370575	-4.9185047026828
2.6199998855591	-4.8822195514450
2.6240000724792	-4.8466819817663
2.6280000209808	-4.8118673968461
2.6319999694824	-4.7777458688186
2.6359999179840	-4.7442911238001
2.6400001049042	-4.7114769950935
2.6440000534058	-4.6792748510765
2.6480000019073	-4.6476587657116
2.6519999504089	-4.6166003635844
2.6559998989105	-4.5860778038543
2.6600000858307	-4.5560612558307
2.6640000343323	-4.5265283913051
2.6679999828339	-4.4974523290647
2.6719999313354	-4.4688108414606
2.6760001182556	-4.4405793560080
2.6800000667572	-4.4127334451020
2.6840000152588	-4.3852541363368
2.6879999637604	-4.3581157370365
2.6919999122620	-4.3312991373874
2.6960000991821	-4.3047834315275
2.7000000476837	-4.2785504323098
2.7039999961853	-4.2525775948494
2.7079999446869	-4.2268519843847
2.7119998931885	-4.2013522154075
2.7160000801086	-4.1760633335588
2.7200000286102	-4.1509708932363
2.7239999771118	-4.1260587114946
2.7279999256134	-4.1013131232053
2.7320001125336	-4.0767224825092
2.7360000610352	-4.0522746364501
2.7400000095367	-4.0279580502804
2.7439999580383	-4.0037625731912
2.7479999065399	-3.9796790834727
2.7520000934601	-3.9556996012336
2.7560000419617	-3.9318172264675
2.7599999904633	-3.9080259464076
2.7639999389648	-3.8843195971879
2.7679998874664	-3.8606935566309
2.7720000743866	-3.8371457317543
2.7760000228882	-3.8136718837696
2.7799999713898	-3.7902709498756
2.7839999198914	-3.7669405157432
2.7880001068115	-3.7436828223117
2.7920000553131	-3.7204969687573
2.7960000038147	-3.6973839264039
2.7999999523163	-3.6743485113491
2.8039999008179	-3.6513908265057
2.8080000877380	-3.6285159074806
2.8120000362396	-3.6057258171329
2.8159999847412	-3.5830299781116
2.8199999332428	-3.5604284192307
2.8239998817444	-3.5379309195409
2.8280000686646	-3.5155427035930
2.8320000171661	-3.4932706305834
2.8359999656677	-3.4711221012331
2.8399999141693	-3.4491052010412
2.8440001010895	-3.4272284129089
2.8480000495911	-3.4055003404427
2.8519999980927	-3.3839293074200
2.8559999465942	-3.3625244785637
2.8599998950958	-3.3412953752110
2.8640000820160	-3.3202519254888
2.8680000305176	-3.2994019847380
2.8719999790192	-3.2787569351205
2.8759999275208	-3.2583269179808
2.8800001144409	-3.2381202839186
2.8840000629425	-3.2181465295527
2.8880000114441	-3.1984164205876
2.8919999599457	-3.1789396573223
2.8959999084473	-3.1597256820177
2.9000000953674	-3.1407845487832
2.9040000438690	-3.1221223602602
2.9079999923706	-3.1037532029133
2.9119999408722	-3.0856807549986
2.9159998893738	-3.0679173780219
2.9200000762939	-3.0504695244364
2.9240000247955	-3.0333443110242
2.9279999732971	-3.0165518236903
2.9319999217987	-3.0000977295031
2.9360001087189	-2.9839884834881
2.9400000572205	-2.9682327789520
2.9440000057220	-2.9528336058654
2.9479999542236	-2.9377991467024
2.9519999027252	-2.9231333594438
2.9560000896454	-2.9088410876412
2.9600000381470	-2.8949266517101
2.9639999866486	-2.8813938344123
2.9679999351501	-2.8682459180196
2.9719998836517	-2.8554857056784
2.9760000705719	-2.8431162334125
2.9800000190735	-2.8311372192802
2.9839999675751	-2.8195500905292
2.9879999160767	-2.8083587038094
2.9920001029968	-2.7975600434860
2.9960000514984	-2.7871535461775
3.0000000000000	-2.7771396623434
3.0039999485016	-2.7675155798741
3.0079998970032	-2.7582809305479
3.0120000839233	-2.7494299592825
3.0160000324249	-2.7409621941570
3.0199999809265	-2.7328746148071
3.0239999294281	-2.7251588229243
3.0280001163483	-2.7178138005558
3.0320000648499	-2.7108324271544
3.0360000133514	-2.7042092714486
3.0399999618530	-2.6979370321291
3.0439999103546	-2.6920107814686
3.0480000972748	-2.6864215774589
3.0520000457764	-2.6811606945059
3.0559999942780	-2.6762217362565
3.0599999427795	-2.6715949415050
3.0639998912811	-2.6672714363790
3.0680000782013	-2.6632410705037
3.0720000267029	-2.6594931298873
3.0759999752045	-2.6560177124213
3.0799999237061	-2.6528049866104
3.0840001106262	-2.6498423908897
3.0880000591278	-2.6471188164713
3.0920000076294	-2.6446231502423
3.0959999561310	-2.6423414901577
3.0999999046326	-2.6402620452522
3.1040000915527	-2.6383736799018
3.1080000400543	-2.6366616507706
3.1119999885559	-2.6351153852626
3.1159999370575	-2.6337179097943
3.1199998855591	-2.6324598293862
3.1240000724792	-2.6313252648087
3.1280000209808	-2.6303017932774
3.1319999694824	-2.6293760455818
3.1359999179840	-2.6285344134636
3.1400001049042	-2.6277625848677
3.1440000534058	-2.6270472330125
3.1480000019073	-2.6263777615788
3.1519999504089	-2.6257389860903
3.1559998989105	-2.6251149712094
3.1600000858307	-2.6244991503508
3.1640000343323	-2.6238729054903
3.1679999828339	-2.6232291743109
3.1719999313354	-2.6225509551517
3.1760001182556	-2.6218306432641
3.1800000667572	-2.6210547116342
3.1840000152588	-2.6202131187003
3.1879999637604	-2.6192931287992
3.1919999122620	-2.6182882213743
3.1960000991821	-2.6171858704545
3.2000000476837	-2.6159790777814
3.2039999961853	-2.6146568514851
3.2079999446869	-2.6132143620601
3.2119998931885	-2.6116401939273
3.2160000801086	-2.6099303006309
3.2200000286102	-2.6080770463441
3.2239999771118	-2.6060738260137
3.2279999256134	-2.6039174173511
3.2320001125336	-2.6016034929356
3.2360000610352	-2.5991263527881
3.2400000095367	-2.5964847433077
3.2439999580383	-2.5936767163946
3.2479999065399	-2.5906986663090
3.2520000934601	-2.5875509947824
3.2560000419617	-2.5842320757270
3.2599999904633	-2.5807425409728
3.2639999389648	-2.5770845427323
3.2679998874664	-2.5732601469182
3.2720000743866	-2.5692689076956
3.2760000228882	-2.5651170757064
3.2799999713898	-2.5608070510605
3.2839999198914	-2.5563427297255
3.2880001068115	-2.5517300321459
3.2920000553131	-2.5469736392135
3.2960000038147	-2.5420809616156
3.2999999523163	-2.5370566501740
3.3039999008179	-2.5319101121901
3.3080000877380	-2.5266475517218
3.3120000362396	-2.5212784848681
3.3159999847412	-2.5158107278296
3.3199999332428	-2.5102537264533
3.3239998817444	-2.5046164969817
3.3280000686646	-2.4989096505515
3.3320000171661	-2.4931430541184
3.3359999656677	-2.4873276730336
3.3399999141693	-2.4814742117194
3.3440001010895	-2.4755934126167
3.3480000495911	-2.4696975453491
3.3519999980927	-2.4637969811553
3.3559999465942	-2.4579034638423
3.3599998950958	-2.4520282077088
3.3640000820160	-2.4461845031797
3.3680000305176	-2.4403838450938
3.3719999790192	-2.4346364112799
3.3759999275208	-2.4289564574653
3.3800001144409	-2.4233554532045
3.3840000629425	-2.4178428929785
3.3880000114441	-2.4124324328495
3.3919999599457	-2.4071332054156
3.3959999084473	-2.4019606960202
3.4000000953674	-2.3969215055478
3.4040000438690	-2.3920283459965
3.4079999923706	-2.3872925652401
3.4119999408722	-2.3827227835439
3.4159998893738	-2.3783313364384
3.4200000762939	-2.3741247207245
3.4240000247955	-2.3701143204995
3.4279999732971	-2.3663089716862
3.4319999217987	-2.3627166363403
3.4360001087189	-2.3593454002314
3.4400000572205	-2.3562027827557
3.4440000057220	-2.3532971435646
3.4479999542236	-2.3506339603624
3.4519999027252	-2.3482206052476
3.4560000896454	-2.3460606373738
3.4600000381470	-2.3441611636317
3.4639999866486	-2.3425271217642
3.4679999351501	-2.3411629741265
3.4719998836517	-2.3400699677037
3.4760000705719	-2.3392523431593
3.4800000190735	-2.3387128855861
3.4839999675751	-2.3384542749145
3.4879999160767	-2.3384765558580
3.4920001029968	-2.3387816675482
3.4960000514984	-2.3393678377214
3.5000000000000	-2.3402371729896
3.5039999485016	-2.3413880549438
3.5079998970032	-2.3428175971193
3.5120000839233	-2.3445237511047
3.5160000324249	-2.3465072098776
3.5199999809265	-2.3487600257988
3.5239999294281	-2.3512806120802
3.5280001163483	-2.3540642845966
3.5320000648499	-2.3571059119353
3.5360000133514	-2.3604009811525
3.5399999618530	-2.3639427970030
3.5439999103546	-2.3677235105610
3.5480000972748	-2.3717386366611
3.5520000457764	-2.3759788803393
3.5559999942780	-2.3804350091449
3.5599999427795	-2.3851020327228
3.5639998912811	-2.3899683464426
3.5680000782013	-2.3950252140449
3.5720000267029	-2.4002622485865
3.5759999752045	-2.4056696671769
3.5799999237061	-2.4112379284123
3.5840001106262	-2.4169527712971
3.5880000591278	-2.4228084790537
3.5920000076294	-2.4287883323745
3.5959999561310	-2.4348822167976
3.5999999046326	-2.4410786685318
3.6040000915527	-2.4473659292842
3.6080000400543	-2.4537307637823
3.6119999885559	-2.4601598933874
3.6159999370575	-2.4666409782527
3.6199998855591	-2.4731625679751
3.6240000724792	-2.4797102916479
3.6280000209808	-2.4862708390958
3.6319999694824	-2.4928323626273
3.6359999179840	-2.4993834253231
3.6400001049042	-2.5059085454042
3.6440000534058	-2.5123968199746
3.6480000019073	-2.5188351765420
3.6519999504089	-2.5252105697487
3.6559998989105	-2.5315114385882
3.6600000858307	-2.5377282827392
3.6640000343323	-2.5438471539720
3.6679999828339	-2.5498568579038
3.6719999313354	-2.5557467706431
3.6760001182556	-2.5615083545263
3.6800000667572	-2.5671292236856
3.6840000152588	-2.5726009276654
3.6879999637604	-2.5779154905725
3.6919999122620	-2.5830634406018
3.6960000991821	-2.5880357734678
3.7000000476837	-2.5928267815584
3.7039999961853	-2.5974281496933
3.7079999446869	-2.6018358656982
3.7119998931885	-2.6060432949353
3.7160000801086	-2.6100462701548
3.7200000286102	-2.6138397659455
3.7239999771118	-2.6174222674819
3.7279999256134	-2.6207882654247
3.7320001125336	-2.6239377621492
3.7360000610352	-2.6268693706838
3.7400000095367	-2.6295817656775
3.7439999580383	-2.6320761762109
3.7479999065399	-2.6343540634073
3.7520000934601	-2.6364155674344
3.7560000419617	-2.6382639010923
3.7599999904633	-2.6399028547222
3.7639999389648	-2.6413354801587
3.7679998874664	-2.6425665132371
3.7720000743866	-2.6436028482391
3.7760000228882	-2.6444496882631
3.7799999713898	-2.6451133509531
3.7839999198914	-2.6456006856558
3.7880001068115	-2.6459210795266
3.7920000553131	-2.6460809783715
3.7960000038147	-2.6460925545058
3.7999999523163	-2.6459633776030
3.8039999008179	-2.6457056326577
3.8080000877380	-2.6453272730779
3.8120000362396	-2.6448415724950
3.8159999847412	-2.6442598926925
3.8199999332428	-2.6435925706572
3.8239998817444	-2.6428543235939
3.8280000686646	-2.6420574331966
3.8320000171661	-2.6412135600069
3.8359999656677	-2.6403366264308
3.8399999141693	-2.6394389879593
3.8440001010895	-2.6385358097490
3.8480000495911	-2.6376416846676
3.8519999980927	-2.6367691015955
3.8559999465942	-2.6359309363964
3.8599998950958	-2.6351430064943
3.8640000820160	-2.6344180744877
3.8680000305176	-2.6337718475489
3.8719999790192	-2.6332155665293
3.8759999275208	-2.6327644150477
3.8800001144409	-2.6324316410640
3.8840000629425	-2.6322329299647
3.8880000114441	-2.6321772027874
3.8919999599457	-2.6322797851400
3.8959999084473	-2.6325532165675
3.9000000953674	-2.6330108007414
3.9040000438690	-2.6336630838102
3.9079999923706	-2.6345222999274
3.9119999408722	-2.6356006650885
3.9159998893738	-2.6369073075594
3.9200000762939	-2.6384549727982
3.9240000247955	-2.6402514057682
3.9279999732971	-2.6423075086111
3.9319999217987	-2.6446320276170
3.9360001087189	-2.6472332618915
3.9400000572205	-2.6501190047292
3.9440000057220	-2.6532975176253
3.9479999542236	-2.6567746239360
3.9519999027252	-2.6605585428395
3.9560000896454	-2.6646514941435
3.9600000381470	-2.6690619749788
3.9639999866486	-2.6737933711740
3.9679999351501	-2.6788485448874
3.9719998836517	-2.6842321828288
3.9760000705719	-2.6899453841861
3.9800000190735	-2.6959898270539
3.9839999675751	-2.7023681214868
3.9879999160767	-2.7090802315729
3.9920001029968	-2.7161256893387
3.9960000514984	-2.7235025584487
4.0000000000000	-2.7312120912599
#Parameters = {ls=100; ws=30; h=1.6; wl=0.5; i=0.5; l1=7.6530612244898; e=0.035; L=37}
#"Frequency / GHz"	"S1,1 (15) [Magnitude]"
#-----------------------------------------
0.0000000000000	-0.00054776436134968
0.0040000001899898	-0.00056502846584277
0.0080000003799796	-0.00061371935655326
0.012000000104308	-0.00069540550928150
0.016000000759959	-0.00080804114875694
0.019999999552965	-0.00095373257554149
0.024000000208616	-0.0011304537116074
0.028000000864267	-0.0013382591943681
0.032000001519918	-0.0015756592655577
0.035999998450279	-0.0018442807589093
0.039999999105930	-0.0021421335571959
0.043999999761581	-0.0024682725723850
0.048000000417233	-0.0028222767906109
0.052000001072884	-0.0032021803125516
0.056000001728535	-0.0036075773901859
0.059999998658895	-0.0040396227659284
0.064000003039837	-0.0044948155585729
0.068000003695488	-0.0049722486190793
0.071999996900558	-0.0054710210701283
0.075999997556210	-0.0059897162115775
0.079999998211861	-0.0065279588847494
0.083999998867512	-0.0070822669571172
0.087999999523163	-0.0076538224536669
0.092000000178814	-0.0082391478793480
0.096000000834465	-0.0088373529275297
0.10000000149012	-0.0094475512738181
0.10400000214577	-0.010067816055128
0.10800000280142	-0.010696741385832
0.11200000345707	-0.011331877886187
0.11599999666214	-0.011971293280156
0.11999999731779	-0.012615124571704
0.12399999797344	-0.013260911625366
0.12800000607967	-0.013907230905359
0.13199999928474	-0.014551609514221
0.13600000739098	-0.015193644267235
0.14000000059605	-0.015829820552417
0.14399999380112	-0.016459713548912
0.14800000190735	-0.017081867706724
0.15199999511242	-0.017695327859061
0.15600000321865	-0.018296535463933
0.15999999642372	-0.018885050004656
0.16400000452995	-0.019458839922956
0.16799999773502	-0.020017441057294
0.17200000584126	-0.020559330002177
0.17599999904633	-0.021081412850080
0.18000000715256	-0.021584228892159
0.18400000035763	-0.022066733541279
0.18799999356270	-0.022524258837029
0.19200000166893	-0.022959878762436
0.19599999487400	-0.023369414337806
0.20000000298023	-0.023754374262334
0.20399999618530	-0.024111575183372
0.20800000429153	-0.024440437835983
0.21199999749660	-0.024740349798313
0.21600000560284	-0.025011211790619
0.21999999880791	-0.025251357359699
0.22400000691414	-0.025461191514429
0.22800000011921	-0.025638484987785
0.23199999332428	-0.025784135300468
0.23600000143051	-0.025897472769839
0.23999999463558	-0.025977801247180
0.24400000274181	-0.026024937180476
0.24799999594688	-0.026039197997840
0.25200000405312	-0.026019874047240
0.25600001215935	-0.025967262175125
0.25999999046326	-0.025881660624212
0.26399999856949	-0.025762853064924
0.26800000667572	-0.025611609379773
0.27200001478195	-0.025428732408394
0.27599999308586	-0.025212393237693
0.28000000119209	-0.024965990677476
0.28400000929832	-0.024688695294282
0.28799998760223	-0.024380780267427
0.29199999570847	-0.024042483149062
0.29600000381470	-0.023677114624909
0.30000001192093	-0.023283886919696
0.30399999022484	-0.022864577130812
0.30799999833107	-0.022419426741352
0.31200000643730	-0.021949671443685
0.31600001454353	-0.021457082116597
0.31999999284744	-0.020941881556896
0.32400000095367	-0.020406892140500
0.32800000905991	-0.019852328400534
0.33199998736382	-0.019279458906574
0.33599999547005	-0.018690036414982
0.34000000357628	-0.018085861033924
0.34400001168251	-0.017468211951862
0.34799998998642	-0.016839889804304
0.35199999809265	-0.016200641935006
0.35600000619888	-0.015551763713833
0.36000001430511	-0.014897099694899
0.36399999260902	-0.014238498944397
0.36800000071526	-0.013575203539484
0.37200000882149	-0.012910067382799
0.37599998712540	-0.012245992625775
0.37999999523163	-0.011581717476656
0.38400000333786	-0.010922742883318
0.38800001144409	-0.010267839982043
0.39199998974800	-0.0096209291496189
0.39599999785423	-0.0089808921940192
0.40000000596046	-0.0083527307096868
0.40400001406670	-0.0077357674233102
0.40799999237061	-0.0071329715164515
0.41200000047684	-0.0065453612130086
0.41600000858307	-0.0059742957495648
0.41999998688698	-0.0054203087858953
0.42399999499321	-0.0048873830780898
0.42800000309944	-0.0043745466641407
0.43200001120567	-0.0038858907550619
0.43599998950958	-0.0034203134098928
0.43999999761581	-0.0029789089368138
0.44400000572205	-0.0025643128746701
0.44800001382828	-0.0021780818091086
0.45199999213219	-0.0018202891897564
0.45600000023842	-0.0014921037617131
0.46000000834465	-0.0011945947322112
0.46399998664856	-0.00092684152151596
0.46799999475479	-0.00069412070117457
0.47200000286102	-0.00049256059941578
0.47600001096725	-0.00032484133463332
0.47999998927116	-0.00019107886063854
0.48399999737740	-9.2069672846356e-05
0.48800000548363	-2.8436642857808e-05
0.49200001358986	-5.3735943265797e-07
0.49599999189377	-6.9567175080487e-06
0.50000000000000	-5.0066042950538e-05
0.50400000810623	-0.00012796205507679
0.50800001621246	-0.00024098055878395
0.51200002431870	-0.00039143007266856
0.51599997282028	-0.00057494838419603
0.51999998092651	-0.00079439908394744
0.52399998903275	-0.0010490752963195
0.52799999713898	-0.0013356425811428
0.53200000524521	-0.0016579863589444
0.53600001335144	-0.0020112711302442
0.54000002145767	-0.0023983876859864
0.54400002956390	-0.0028154066128066
0.54799997806549	-0.0032632882314160
0.55199998617172	-0.0037391911313111
0.55599999427795	-0.0042454567803402
0.56000000238419	-0.0047771527558160
0.56400001049042	-0.0053351716094996
0.56800001859665	-0.0059186485569338
0.57200002670288	-0.0065243047419211
0.57599997520447	-0.0071523844542356
0.57999998331070	-0.0078004393590570
0.58399999141693	-0.0084672922612960
0.58799999952316	-0.0091525566991234
0.59200000762939	-0.0098522247897777
0.59600001573563	-0.010567663531537
0.60000002384186	-0.011294727827069
0.60399997234344	-0.012031557194230
0.60799998044968	-0.012778224811425
0.61199998855591	-0.013531806789082
0.61599999666214	-0.014291219364922
0.62000000476837	-0.015053450173576
0.62400001287460	-0.015817977912784
0.62800002098083	-0.016582263807785
0.63200002908707	-0.017343614248548
0.63599997758865	-0.018101470976641
0.63999998569489	-0.018854140310420
0.64399999380112	-0.019599483855178
0.64800000190735	-0.020334290931361
0.65200001001358	-0.021058771822623
0.65600001811981	-0.021769105523910
0.66000002622604	-0.022465649301709
0.66399997472763	-0.023146079591202
0.66799998283386	-0.023807301086193
0.67199999094009	-0.024450250386741
0.67599999904633	-0.025070644171504
0.68000000715256	-0.025669370026005
0.68400001525879	-0.026241824300602
0.68800002336502	-0.026790616017408
0.69199997186661	-0.027311052157661
0.69599997997284	-0.027803281223627
0.69999998807907	-0.028266027066316
0.70399999618530	-0.028697844080221
0.70800000429153	-0.029097999649174
0.71200001239777	-0.029464456317599
0.71600002050400	-0.029797954943444
0.72000002861023	-0.030097004758343
0.72399997711182	-0.030360248886271
0.72799998521805	-0.030587528374550
0.73199999332428	-0.030779523981925
0.73600000143051	-0.030933905628229
0.74000000953674	-0.031050118712867
0.74400001764297	-0.031129869725221
0.74800002574921	-0.031171635908436
0.75199997425079	-0.031175891023054
0.75599998235703	-0.031141729635323
0.75999999046326	-0.031070791954930
0.76399999856949	-0.030962710679131
0.76800000667572	-0.030817483696417
0.77200001478195	-0.030635825347420
0.77600002288818	-0.030418123124932
0.77999997138977	-0.030164599420109
0.78399997949600	-0.029877445444709
0.78799998760223	-0.029555131768579
0.79199999570847	-0.029202188295387
0.79600000381470	-0.028816401710032
0.80000001192093	-0.028399717368929
0.80400002002716	-0.027954069231937
0.80800002813339	-0.027480576191827
0.81199997663498	-0.026979071997354
0.81599998474121	-0.026453101568137
0.81999999284744	-0.025903146447617
0.82400000095367	-0.025331557440015
0.82800000905991	-0.024739283279733
0.83200001716614	-0.024128158973929
0.83600002527237	-0.023499514710364
0.83999997377396	-0.022856477633196
0.84399998188019	-0.022200187330024
0.84799998998642	-0.021532275404752
0.85199999809265	-0.020855498170228
0.85600000619888	-0.020170658685595
0.86000001430511	-0.019480809765263
0.86400002241135	-0.018787716540461
0.86799997091293	-0.018094206002589
0.87199997901917	-0.017401024484817
0.87599998712540	-0.016711648602380
0.87999999523163	-0.016026984358247
0.88400000333786	-0.015350720445212
0.88800001144409	-0.014683216730121
0.89200001955032	-0.014027627638997
0.89600002765656	-0.013386515659403
0.89999997615814	-0.012761837305373
0.90399998426437	-0.012153195573415
0.90799999237061	-0.011566744931299
0.91200000047684	-0.011000813575629
0.91600000858307	-0.010459733141289
0.92000001668930	-0.0099448121993091
0.92400002479553	-0.0094576670445916
0.92799997329712	-0.0090006980798220
0.93199998140335	-0.0085745624528054
0.93599998950958	-0.0081818472221662
0.93999999761581	-0.0078238137220548
0.94400000572205	-0.0075017190081513
0.94800001382828	-0.0072187542469233
0.95200002193451	-0.0069748510259670
0.95599997043610	-0.0067705297625839
0.95999997854233	-0.0066090112314169
0.96399998664856	-0.0064899792856147
0.96799999475479	-0.0064154216565831
0.97200000286102	-0.0063867846636769
0.97600001096725	-0.0064017718477397
0.98000001907349	-0.0064654927334754
0.98400002717972	-0.0065758776172239
0.98799997568130	-0.0067336961900129
0.99199998378754	-0.0069409517614436
0.99599999189377	-0.0071965163077254
1.0000000000000	-0.0075006926990832
1.0039999485016	-0.0078536688418971
1.0080000162125	-0.0082562037805435
1.0119999647141	-0.0087077057981697
1.0160000324249	-0.0092073033188073
1.0199999809265	-0.0097552105583658
1.0240000486374	-0.010352787737666
1.0279999971390	-0.010996980909349
1.0319999456406	-0.011687389845495
1.0360000133514	-0.012424627047180
1.0399999618530	-0.013206467270167
1.0440000295639	-0.014032824705712
1.0479999780655	-0.014901855913144
1.0520000457764	-0.015813690760134
1.0559999942780	-0.016765833140136
1.0599999427795	-0.017757084531178
1.0640000104904	-0.018786010831124
1.0679999589920	-0.019851644657421
1.0720000267029	-0.020952167704450
1.0759999752045	-0.022084906586549
1.0800000429153	-0.023248666629463
1.0839999914169	-0.024442324160176
1.0880000591278	-0.025661974282640
1.0920000076294	-0.026906944923142
1.0959999561310	-0.028176717944494
1.1000000238419	-0.029466501808416
1.1039999723434	-0.030774220198988
1.1080000400543	-0.032100005743758
1.1119999885559	-0.033438982869746
1.1160000562668	-0.034791223184024
1.1200000047684	-0.036152938511572
1.1239999532700	-0.037521363987455
1.1280000209808	-0.038895751415210
1.1319999694824	-0.040270458020097
1.1360000371933	-0.041647102110515
1.1399999856949	-0.043021243438387
1.1440000534058	-0.044390395446308
1.1480000019073	-0.045752640940074
1.1519999504089	-0.047105256279363
1.1560000181198	-0.048447520083567
1.1599999666214	-0.049773807990014
1.1640000343323	-0.051084859914677
1.1679999828339	-0.052377771498475
1.1720000505447	-0.053650370971429
1.1759999990463	-0.054899095031557
1.1799999475479	-0.056123600704306
1.1840000152588	-0.057321777182808
1.1879999637604	-0.058492598397050
1.1920000314713	-0.059631504890327
1.1959999799728	-0.060738583697045
1.2000000476837	-0.061813113545155
1.2039999961853	-0.062851306593988
1.2079999446869	-0.063853420786470
1.2120000123978	-0.064817677073729
1.2159999608994	-0.065742526668923
1.2200000286102	-0.066627609046409
1.2239999771118	-0.067472025538745
1.2280000448227	-0.068272704955943
1.2319999933243	-0.069032989364478
1.2359999418259	-0.069749375388993
1.2400000095367	-0.070420387695568
1.2439999580383	-0.071049611634800
1.2480000257492	-0.071634242521718
1.2519999742508	-0.072174482796139
1.2560000419617	-0.072670838509142
1.2599999904633	-0.073123703615134
1.2640000581741	-0.073533439050613
1.2680000066757	-0.073900146682793
1.2719999551773	-0.074225101629631
1.2760000228882	-0.074508312993496
1.2799999713898	-0.074751978526235
1.2840000391006	-0.074957020151910
1.2879999876022	-0.075123428513539
1.2920000553131	-0.075254165272830
1.2960000038147	-0.075350296801356
1.2999999523163	-0.075412837974914
1.3040000200272	-0.075444041382537
1.3079999685287	-0.075446868460109
1.3120000362396	-0.075421324195562
1.3159999847412	-0.075373021318858
1.3200000524521	-0.075300004659901
1.3240000009537	-0.075207221254881
1.3279999494553	-0.075098263507859
1.3320000171661	-0.074972958834321
1.3359999656677	-0.074837105223832
1.3400000333786	-0.074690885082138
1.3439999818802	-0.074537331338748
1.3480000495911	-0.074382260222344
1.3519999980927	-0.074226658605789
1.3559999465942	-0.074073945478230
1.3600000143051	-0.073927358674004
1.3639999628067	-0.073789565774276
1.3680000305176	-0.073666524646511
1.3719999790192	-0.073557932563280
1.3760000467300	-0.073470104581159
1.3799999952316	-0.073404883887330
1.3839999437332	-0.073367679693932
1.3880000114441	-0.073359465299274
1.3919999599457	-0.073386409951761
1.3960000276566	-0.073449550196845
1.3999999761581	-0.073553338875838
1.4040000438690	-0.073702118763005
1.4079999923706	-0.073898220445943
1.4119999408722	-0.074145964719108
1.4160000085831	-0.074446415057080
1.4199999570847	-0.074808302359549
1.4240000247955	-0.075228792849414
1.4279999732971	-0.075713907175772
1.4320000410080	-0.076268007805774
1.4359999895096	-0.076892195562516
1.4400000572205	-0.077589615134875
1.4440000057220	-0.078364620955154
1.4479999542236	-0.079218663625519
1.4520000219345	-0.080155962981392
1.4559999704361	-0.081179000545621
1.4600000381470	-0.082287997491105
1.4639999866486	-0.083488402167719
1.4680000543594	-0.084780662384797
1.4720000028610	-0.086166719577257
1.4759999513626	-0.087651539740816
1.4800000190735	-0.089234250042176
1.4839999675751	-0.090917729518169
1.4880000352859	-0.092702238932435
1.4919999837875	-0.094592127447453
1.4960000514984	-0.096585600533357
1.5000000000000	-0.098686425989396
1.5039999485016	-0.10089462710113
1.5080000162125	-0.10321056327518
1.5119999647141	-0.10563681884980
1.5160000324249	-0.10817138765627
1.5199999809265	-0.11081727093535
1.5240000486374	-0.11357339473848
1.5279999971390	-0.11644049219879
1.5319999456406	-0.11941830099085
1.5360000133514	-0.12250575055876
1.5399999618530	-0.12570451050871
1.5440000295639	-0.12901284134025
1.5479999780655	-0.13243055776901
1.5520000457764	-0.13595600099592
1.5559999942780	-0.13958976264104
1.5599999427795	-0.14332874110060
1.5640000104904	-0.14717283527965
1.5679999589920	-0.15112192151092
1.5720000267029	-0.15517370834030
1.5759999752045	-0.15932549606937
1.5800000429153	-0.16357647231247
1.5839999914169	-0.16792475383135
1.5880000591278	-0.17236793643155
1.5920000076294	-0.17690488090981
1.5959999561310	-0.18153217048885
1.6000000238419	-0.18624855896120
1.6039999723434	-0.19105195375619
1.6080000400543	-0.19593866689473
1.6119999885559	-0.20090679496549
1.6160000562668	-0.20595373612084
1.6200000047684	-0.21107755544463
1.6239999532700	-0.21627646005647
1.6280000209808	-0.22154453888637
1.6319999694824	-0.22688103425694
1.6360000371933	-0.23228448540927
1.6399999856949	-0.23774931925565
1.6440000534058	-0.24327660824823
1.6480000019073	-0.24885931508394
1.6519999504089	-0.25449843713993
1.6560000181198	-0.26018856026721
1.6599999666214	-0.26592794404647
1.6640000343323	-0.27171600748404
1.6679999828339	-0.27754801121014
1.6720000505447	-0.28342309331517
1.6759999990463	-0.28933735510910
1.6799999475479	-0.29529018668231
1.6840000152588	-0.30127812845471
1.6879999637604	-0.30730144274399
1.6920000314713	-0.31335630504841
1.6959999799728	-0.31944151719895
1.7000000476837	-0.32555696795498
1.7039999961853	-0.33169958922779
1.7079999446869	-0.33786983335070
1.7120000123978	-0.34406474786719
1.7159999608994	-0.35028719158751
1.7200000286102	-0.35653243235917
1.7239999771118	-0.36280311269523
1.7280000448227	-0.36909959482568
1.7319999933243	-0.37541943015975
1.7359999418259	-0.38176638768361
1.7400000095367	-0.38813894732649
1.7439999580383	-0.39453873958878
1.7480000257492	-0.40096765417731
1.7519999742508	-0.40742732210800
1.7560000419617	-0.41391886262834
1.7599999904633	-0.42044579170397
1.7640000581741	-0.42701008727008
1.7680000066757	-0.43361377308985
1.7719999551773	-0.44026129418710
1.7760000228882	-0.44695497169796
1.7799999713898	-0.45370044039499
1.7840000391006	-0.46050095485191
1.7879999876022	-0.46735970090189
1.7920000553131	-0.47428358956649
1.7960000038147	-0.48127602218634
1.7999999523163	-0.48834433977846
1.8040000200272	-0.49549442157816
1.8079999685287	-0.50273004685467
1.8120000362396	-0.51006178411143
1.8159999847412	-0.51749187029404
1.8200000524521	-0.52503069227174
1.8240000009537	-0.53268508607066
1.8279999494553	-0.54046322504369
1.8320000171661	-0.54837216932580
1.8359999656677	-0.55642147454493
1.8400000333786	-0.56462001953515
1.8439999818802	-0.57297662851028
1.8480000495911	-0.58150162891775
1.8519999980927	-0.59020303274565
1.8559999465942	-0.59909236422271
1.8600000143051	-0.60817956074610
1.8639999628067	-0.61747449620807
1.8680000305176	-0.62698878132391
1.8719999790192	-0.63673485391117
1.8760000467300	-0.64672353094158
1.8799999952316	-0.65696297645944
1.8839999437332	-0.66747138375844
1.8880000114441	-0.67825629481509
1.8919999599457	-0.68933148434290
1.8960000276566	-0.70070904519634
1.8999999761581	-0.71240196846376
1.9040000438690	-0.72442408772054
1.9079999923706	-0.73678844913222
1.9119999408722	-0.74950682433862
1.9160000085831	-0.76259589291407
1.9199999570847	-0.77606552593162
1.9240000247955	-0.78993122427868
1.9279999732971	-0.80420747013951
1.9320000410080	-0.81890831556186
1.9359999895096	-0.83404781876663
1.9400000572205	-0.84964005481905
1.9440000057220	-0.86569889938007
1.9479999542236	-0.88224053942682
1.9520000219345	-0.89927799672776
1.9559999704361	-0.91682621735123
1.9600000381470	-0.93490165899438
1.9639999866486	-0.95351625917504
1.9680000543594	-0.97268725389324
1.9720000028610	-0.99242872901591
1.9759999513626	-1.0127563869801
1.9800000190735	-1.0336827846862
1.9839999675751	-1.0552251276648
1.9880000352859	-1.0773982160472
1.9919999837875	-1.1002160530633
1.9960000514984	-1.1236940922741
2.0000000000000	-1.1478472286747
2.0039999485016	-1.1726916703862
2.0079998970032	-1.1982399751181
2.0120000839233	-1.2245086899900
2.0160000324249	-1.2515120203628
2.0199999809265	-1.2792656300167
2.0239999294281	-1.3077832197016
2.0280001163483	-1.3370798316894
2.0320000648499	-1.3671696364633
2.0360000133514	-1.3980685680442
2.0399999618530	-1.4297904509798
2.0439999103546	-1.4623474376255
2.0480000972748	-1.4957573763033
2.0520000457764	-1.5300313021394
2.0559999942780	-1.5651859296331
2.0599999427795	-1.6012335676347
2.0639998912811	-1.6381879540500
2.0680000782013	-1.6760641239958
2.0720000267029	-1.7148730553942
2.0759999752045	-1.7546297449688
2.0799999237061	-1.7953479958371
2.0840001106262	-1.8370394531052
2.0880000591278	-1.8797179839235
2.0920000076294	-1.9233960230745
2.0959999561310	-1.9680849123424
2.0999999046326	-2.0137989024799
2.1040000915527	-2.0605481212659
2.1080000400543	-2.1083440257665
2.1119999885559	-2.1571987991457
2.1159999370575	-2.2071242575269
2.1199998855591	-2.2581314378427
2.1240000724792	-2.3102290747963
2.1280000209808	-2.3634296494145
2.1319999694824	-2.4177401897153
2.1359999179840	-2.4731725932896
2.1400001049042	-2.5297337126284
2.1440000534058	-2.5874337684979
2.1480000019073	-2.6462813576339
2.1519999504089	-2.7062823162963
2.1559998989105	-2.7674452611868
2.1600000858307	-2.8297753911011
2.1640000343323	-2.8932806133211
2.1679999828339	-2.9579634073489
2.1719999313354	-3.0238304516160
2.1760001182556	-3.0908843189938
2.1800000667572	-3.1591291353285
2.1840000152588	-3.2285662720260
2.1879999637604	-3.2991968327297
2.1919999122620	-3.3710215296618
2.1960000991821	-3.4440407268590
2.2000000476837	-3.5182499899958
2.2039999961853	-3.5936461350251
2.2079999446869	-3.6702292762438
2.2119998931885	-3.7479879928885
2.2160000801086	-3.8269185533831
2.2200000286102	-3.9070118241601
2.2239999771118	-3.9882557622564
2.2279999256134	-4.0706396541977
2.2320001125336	-4.1541471358724
2.2360000610352	-4.2387650427527
2.2400000095367	-4.3244757019132
2.2439999580383	-4.4112548997162
2.2479999065399	-4.4990804711830
2.2520000934601	-4.5879285045846
2.2560000419617	-4.6777694650506
2.2599999904633	-4.7685716489388
2.2639999389648	-4.8603006485122
2.2679998874664	-4.9529178340665
2.2720000743866	-5.0463836857618
2.2760000228882	-5.1406524813707
2.2799999713898	-5.2356743374776
2.2839999198914	-5.3313970699865
2.2880001068115	-5.4277625477663
2.2920000553131	-5.5247087926321
2.2960000038147	-5.6221706218812
2.2999999523163	-5.7200746731830
2.3039999008179	-5.8183462926682
2.3080000877380	-5.9168983968981
2.3120000362396	-6.0156491155102
2.3159999847412	-6.1145025308508
2.3199999332428	-6.2133602277456
2.3239998817444	-6.3121148854321
2.3280000686646	-6.4106572895016
2.3320000171661	-6.5088687310970
2.3359999656677	-6.6066267913458
2.3399999141693	-6.7038008624327
2.3440001010895	-6.8002549455720
2.3480000495911	-6.8958474911920
2.3519999980927	-6.9904308556768
2.3559999465942	-7.0838511466430
2.3599998950958	-7.1759520687127
2.3640000820160	-7.2665696165676
2.3680000305176	-7.3555348452220
2.3719999790192	-7.4426799653760
2.3759999275208	-7.5278289007573
2.3800001144409	-7.6108067881425
2.3840000629425	-7.6914365400980
2.3880000114441	-7.7695429381436
2.3919999599457	-7.8449455717066
2.3959999084473	-7.9174738473591
2.4000000953674	-7.9869559975724
2.4040000438690	-8.0532266942324
2.4079999923706	-8.1161241096258
2.4119999408722	-8.1754964707932
2.4159998893738	-8.2311999949012
2.4200000762939	-8.2830979423552
2.4240000247955	-8.3310709473472
2.4279999732971	-8.3750082584505
2.4319999217987	-8.4148114787180
2.4360001087189	-8.4504003179052
2.4400000572205	-8.4817107290302
2.4440000057220	-8.5086906702532
2.4479999542236	-8.5313069481349
2.4519999027252	-8.5495465164590
2.4560000896454	-8.5634102551181
2.4600000381470	-8.5729181541646
2.4639999866486	-8.5781065755972
2.4679999351501	-8.5790281973315
2.4719998836517	-8.5757544247314
2.4760000705719	-8.5683666192694
2.4800000190735	-8.5569682777737
2.4839999675751	-8.5416662995415
2.4879999160767	-8.5225902406912
2.4920001029968	-8.4998704593932
2.4960000514984	-8.4736553990928
2.5000000000000	-8.4440950949887
2.5039999485016	-8.4113472419741
2.5079998970032	-8.3755801397214
2.5120000839233	-8.3369596239618
2.5160000324249	-8.2956564161929
2.5199999809265	-8.2518449248231
2.5239999294281	-8.2056982739820
2.5280001163483	-8.1573866246925
2.5320000648499	-8.1070811347784
2.5360000133514	-8.0549533380956
2.5399999618530	-8.0011620460796
2.5439999103546	-7.9458725648784
2.5480000972748	-7.8892407530004
2.5520000457764	-7.8314151587616
2.5559999942780	-7.7725440785534
2.5599999427795	-7.7127665785869
2.5639998912811	-7.6522165017978
2.5680000782013	-7.5910228471036
2.5720000267029	-7.5293065168406
2.5759999752045	-7.4671835171578
2.5799999237061	-7.4047625509950
2.5840001106262	-7.3421469928497
2.5880000591278	-7.2794332804995
2.5920000076294	-7.2167125584726
2.5959999561310	-7.1540692038865
2.5999999046326	-7.0915815210314
2.6040000915527	-7.0293254139133
2.6080000400543	-6.9673661942372
2.6119999885559	-6.9057675105018
2.6159999370575	-6.8445879815574
2.6199998855591	-6.7838793420852
2.6240000724792	-6.7236912100752
2.6280000209808	-6.6640675310625
2.6319999694824	-6.6050488797193
2.6359999179840	-6.5466693140827
2.6400001049042	-6.4889621293063
2.6440000534058	-6.4319562027619
2.6480000019073	-6.3756777550006
2.6519999504089	-6.3201471124630
2.6559998989105	-6.2653836251429
2.6600000858307	-6.2114060902656
2.6640000343323	-6.1582259520737
2.6679999828339	-6.1058548599953
2.6719999313354	-6.0543012175986
2.6760001182556	-6.0035711920850
2.6800000667572	-5.9536713457600
2.6840000152588	-5.9046020333918
2.6879999637604	-5.8563641852296
2.6919999122620	-5.8089595262916
2.6960000991821	-5.7623814084146
2.7000000476837	-5.7166280522993
2.7039999961853	-5.6716949669973
2.7079999446869	-5.6275739948360
2.7119998931885	-5.5842561627493
2.7160000801086	-5.5417339387464
2.7200000286102	-5.4999974477269
2.7239999771118	-5.4590337752779
2.7279999256134	-5.4188325209736
2.7320001125336	-5.3793806622804
2.7360000610352	-5.3406644764272
2.7400000095367	-5.3026693127960
2.7439999580383	-5.2653806339527
2.7479999065399	-5.2287841227099
2.7520000934601	-5.1928607620150
2.7560000419617	-5.1575975355902
2.7599999904633	-5.1229755088018
2.7639999389648	-5.0889813214158
2.7679998874664	-5.0555925094653
2.7720000743866	-5.0227934098320
2.7760000228882	-4.9905671653352
2.7799999713898	-4.9588955997686
2.7839999198914	-4.9277599619581
2.7880001068115	-4.8971417311777
2.7920000553131	-4.8670234491186
2.7960000038147	-4.8373875605651
2.7999999523163	-4.8082132734933
2.8039999008179	-4.7794856774812
2.8080000877380	-4.7511847852403
2.8120000362396	-4.7232948437207
2.8159999847412	-4.6957951681249
2.8199999332428	-4.6686707269324
2.8239998817444	-4.6419049111740
2.8280000686646	-4.6154796687008
2.8320000171661	-4.5893782947866
2.8359999656677	-4.5635855651773
2.8399999141693	-4.5380840216869
2.8440001010895	-4.5128597682309
2.8480000495911	-4.4878961831062
2.8519999980927	-4.4631828599298
2.8559999465942	-4.4387008025303
2.8599998950958	-4.4144401687283
2.8640000820160	-4.3903864883057
2.8680000305176	-4.3665258404203
2.8719999790192	-4.3428492479406
2.8759999275208	-4.3193439229254
2.8800001144409	-4.2959981773514
2.8840000629425	-4.2728037190512
2.8880000114441	-4.2497493458837
2.8919999599457	-4.2268263305237
2.8959999084473	-4.2040279483599
2.9000000953674	-4.1813438808066
2.9040000438690	-4.1587692136289
2.9079999923706	-4.1362970080872
2.9119999408722	-4.1139218824726
2.9159998893738	-4.0916369867115
2.9200000762939	-4.0694405380032
2.9240000247955	-4.0473256315870
2.9279999732971	-4.0252918532006
2.9319999217987	-4.0033343544847
2.9360001087189	-3.9814527373711
2.9400000572205	-3.9596450644794
2.9440000057220	-3.9379084875677
2.9479999542236	-3.9162470251425
2.9519999027252	-3.8946588786912
2.9560000896454	-3.8731434630575
2.9600000381470	-3.8517043311782
2.9639999866486	-3.8303430730322
2.9679999351501	-3.8090614956694
2.9719998836517	-3.7878627755542
2.9760000705719	-3.7667500804434
2.9800000190735	-3.7457286659777
2.9839999675751	-3.7248003584696
2.9879999160767	-3.7039722551424
2.9920001029968	-3.6832485145272
2.9960000514984	-3.6626337593496
3.0000000000000	-3.6421342554953
3.0039999485016	-3.6217556314795
3.0079998970032	-3.6015036286003
3.0120000839233	-3.5813870977334
3.0160000324249	-3.5614095754737
3.0199999809265	-3.5415811701176
3.0239999294281	-3.5219070245534
3.0280001163483	-3.5023934441150
3.0320000648499	-3.4830502146649
3.0360000133514	-3.4638845311453
3.0399999618530	-3.4449008251027
3.0439999103546	-3.4261095253767
3.0480000972748	-3.4075175803315
3.0520000457764	-3.3891325299374
3.0559999942780	-3.3709615792759
3.0599999427795	-3.3530117720986
3.0639998912811	-3.3352914647137
3.0680000782013	-3.3178072646967
3.0720000267029	-3.3005663556726
3.0759999752045	-3.2835773522759
3.0799999237061	-3.2668456520126
3.0840001106262	-3.2503781370450
3.0880000591278	-3.2341800319579
3.0920000076294	-3.2182595450681
3.0959999561310	-3.2026233063602
3.0999999046326	-3.1872749430044
3.1040000915527	-3.1722218807187
3.1080000400543	-3.1574691965131
3.1119999885559	-3.1430199062000
3.1159999370575	-3.1288814467365
3.1199998855591	-3.1150562127749
3.1240000724792	-3.1015495756620
3.1280000209808	-3.0883648150183
3.1319999694824	-3.0755046401164
3.1359999179840	-3.0629733353541
3.1400001049042	-3.0507738546621
3.1440000534058	-3.0389064041060
3.1480000019073	-3.0273750336212
3.1519999504089	-3.0161802811842
3.1559998989105	-3.0053243784633
3.1600000858307	-2.9948046278742
3.1640000343323	-2.9846258710210
3.1679999828339	-2.9747872978449
3.1719999313354	-2.9652854258390
3.1760001182556	-2.9561228247907
3.1800000667572	-2.9472957495742
3.1840000152588	-2.9388043211927
3.1879999637604	-2.9306459872104
3.1919999122620	-2.9228177050831
3.1960000991821	-2.9153173901107
3.2000000476837	-2.9081410122684
3.2039999961853	-2.9012854918680
3.2079999446869	-2.8947465224004
3.2119998931885	-2.8885200112872
3.2160000801086	-2.8825999098536
3.2200000286102	-2.8769832525273
3.2239999771118	-2.8716614980983
3.2279999256134	-2.8666320508041
3.2320001125336	-2.8618874425735
3.2360000610352	-2.8574189280668
3.2400000095367	-2.8532222313903
3.2439999580383	-2.8492881658082
3.2479999065399	-2.8456098418493
3.2520000934601	-2.8421804718035
3.2560000419617	-2.8389897571722
3.2599999904633	-2.8360303835531
3.2639999389648	-2.8332943560135
3.2679998874664	-2.8307701786170
3.2720000743866	-2.8284513591925
3.2760000228882	-2.8263271919577
3.2799999713898	-2.8243876440260
3.2839999198914	-2.8226219904146
3.2880001068115	-2.8210244850580
3.2920000553131	-2.8195793132652
3.2960000038147	-2.8182806432448
3.2999999523163	-2.8171153796678
3.3039999008179	-2.8160747466793
3.3080000877380	-2.8151454918347
3.3120000362396	-2.8143206863598
3.3159999847412	-2.8135869073752
3.3199999332428	-2.8129348571559
3.3239998817444	-2.8123529613073
3.3280000686646	-2.8118318240773
3.3320000171661	-2.8113593941363
3.3359999656677	-2.8109254740623
3.3399999141693	-2.8105213241596
3.3440001010895	-2.8101361063316
3.3480000495911	-2.8097580858896
3.3519999980927	-2.8093782510780
3.3559999465942	-2.8089881695671
3.3599998950958	-2.8085771646959
3.3640000820160	-2.8081351458646
3.3680000305176	-2.8076553319922
3.3719999790192	-2.8071267369313
3.3759999275208	-2.8065429190558
3.3800001144409	-2.8058947006989
3.3840000629425	-2.8051734197151
3.3880000114441	-2.8043733367578
3.3919999599457	-2.8034879813811
3.3959999084473	-2.8025078987093
3.4000000953674	-2.8014286120293
3.4040000438690	-2.8002457473377
3.4079999923706	-2.7989515495924
3.4119999408722	-2.7975414194037
3.4159998893738	-2.7960114205116
3.4200000762939	-2.7943578833459
3.4240000247955	-2.7925779594984
3.4279999732971	-2.7906685720804
3.4319999217987	-2.7886249833747
3.4360001087189	-2.7864479373413
3.4400000572205	-2.7841345554209
3.4440000057220	-2.7816840183135
3.4479999542236	-2.7790966519396
3.4519999027252	-2.7763705569374
3.4560000896454	-2.7735102062743
3.4600000381470	-2.7705121155485
3.4639999866486	-2.7673811459331
3.4679999351501	-2.7641171921061
3.4719998836517	-2.7607241700589
3.4760000705719	-2.7572055873209
3.4800000190735	-2.7535636932003
3.4839999675751	-2.7498038081369
3.4879999160767	-2.7459282793550
3.4920001029968	-2.7419453165523
3.4960000514984	-2.7378564586333
3.5000000000000	-2.7336704164918
3.5039999485016	-2.7293915811644
3.5079998970032	-2.7250280153002
3.5120000839233	-2.7205835376300
3.5160000324249	-2.7160689711368
3.5199999809265	-2.7114896593810
3.5239999294281	-2.7068534690046
3.5280001163483	-2.7021689614513
3.5320000648499	-2.6974433115102
3.5360000133514	-2.6926866458459
3.5399999618530	-2.6879072013969
3.5439999103546	-2.6831135644887
3.5480000972748	-2.6783138513748
3.5520000457764	-2.6735191855449
3.5559999942780	-2.6687374234832
3.5599999427795	-2.6639796742184
3.5639998912811	-2.6592529396935
3.5680000782013	-2.6545686679794
3.5720000267029	-2.6499356063891
3.5759999752045	-2.6453635428557
3.5799999237061	-2.6408609143526
3.5840001106262	-2.6364385949735
3.5880000591278	-2.6321050900024
3.5920000076294	-2.6278710794887
3.5959999561310	-2.6237439845639
3.5999999046326	-2.6197335830057
3.6040000915527	-2.6158499167743
3.6080000400543	-2.6120985100784
3.6119999885559	-2.6084898689560
3.6159999370575	-2.6050336274423
3.6199998855591	-2.6017367501103
3.6240000724792	-2.5986064410860
3.6280000209808	-2.5956507200007
3.6319999694824	-2.5928763104933
3.6359999179840	-2.5902928669425
3.6400001049042	-2.5879046107432
3.6440000534058	-2.5857183584213
3.6480000019073	-2.5837394883605
3.6519999504089	-2.5819753500615
3.6559998989105	-2.5804295308162
3.6600000858307	-2.5791093124210
3.6640000343323	-2.5780185318557
3.6679999828339	-2.5771599549413
3.6719999313354	-2.5765383394333
3.6760001182556	-2.5761586364909
3.6800000667572	-2.5760203461453
3.6840000152588	-2.5761296896497
3.6879999637604	-2.5764862199421
3.6919999122620	-2.5770940303226
3.6960000991821	-2.5779533474672
3.7000000476837	-2.5790632108304
3.7039999961853	-2.5804273492895
3.7079999446869	-2.5820453292416
3.7119998931885	-2.5839150216021
3.7160000801086	-2.5860349781888
3.7200000286102	-2.5884070648837
3.7239999771118	-2.5910268775312
3.7279999256134	-2.5938932677092
3.7320001125336	-2.5970035836748
3.7360000610352	-2.6003550723012
3.7400000095367	-2.6039433377093
3.7439999580383	-2.6077652839478
3.7479999065399	-2.6118175409928
3.7520000934601	-2.6160928209927
3.7560000419617	-2.6205878912224
3.7599999904633	-2.6252973904464
3.7639999389648	-2.6302139823538
3.7679998874664	-2.6353331063115
3.7720000743866	-2.6406474940800
3.7760000228882	-2.6461488319962
3.7799999713898	-2.6518308394935
3.7839999198914	-2.6576869948227
3.7880001068115	-2.6637083161850
3.7920000553131	-2.6698866528790
3.7960000038147	-2.6762132010423
3.7999999523163	-2.6826775907972
3.8039999008179	-2.6892752338713
3.8080000877380	-2.6959937074799
3.8120000362396	-2.7028223886685
3.8159999847412	-2.7097531986048
3.8199999332428	-2.7167763039783
3.8239998817444	-2.7238822495742
3.8280000686646	-2.7310593675934
3.8320000171661	-2.7382985292040
3.8359999656677	-2.7455903467611
3.8399999141693	-2.7529198923164
3.8440001010895	-2.7602823143510
3.8480000495911	-2.7676621525031
3.8519999980927	-2.7750534263820
3.8559999465942	-2.7824435227879
3.8599998950958	-2.7898224173706
3.8640000820160	-2.7971768304304
3.8680000305176	-2.8045011471967
3.8719999790192	-2.8117824343639
3.8759999275208	-2.8190120786491
3.8800001144409	-2.8261805510973
3.8840000629425	-2.8332767830439
3.8880000114441	-2.8402932592586
3.8919999599457	-2.8472195772330
3.8959999084473	-2.8540477241742
3.9000000953674	-2.8607682889864
3.9040000438690	-2.8673744369256
3.9079999923706	-2.8738588362930
3.9119999408722	-2.8802114308037
3.9159998893738	-2.8864280817315
3.9200000762939	-2.8925004536309
3.9240000247955	-2.8984242992581
3.9279999732971	-2.9041912442162
3.9319999217987	-2.9097996058417
3.9360001087189	-2.9152413630037
3.9400000572205	-2.9205137561685
3.9440000057220	-2.9256130500100
3.9479999542236	-2.9305370217136
3.9519999027252	-2.9352814580751
3.9560000896454	-2.9398458537647
3.9600000381470	-2.9442260726517
3.9639999866486	-2.9484246816467
3.9679999351501	-2.9524383048036
3.9719998836517	-2.9562702135629
3.9760000705719	-2.9599197183308
3.9800000190735	-2.9633861547480
3.9839999675751	-2.9666745327139
3.9879999160767	-2.9697861160284
3.9920001029968	-2.9727237204591
3.9960000514984	-2.9754916799498
4.0000000000000	-2.9780929360604
