#Parameters = {e=0.035; h=1.6; l=29.9; ls=80; w=43.8; w0=1.58; w1=3; ws=80; y0=11; y1=22}
#"Frequency / GHz"	"S1,1 (8) [Magnitude]"
#----------------------------------------
0.0000000000000	-0.029263626850071
0.0020000000949949	-0.028249522381236
0.0040000001899898	-0.025282849549833
0.0060000000521541	-0.020590849257289
0.0080000003799796	-0.014528815103407
0.0099999997764826	-0.0075556433898498
0.012000000104308	-0.00018867846710082
0.014000000432134	0.0070272318241697
0.016000000759959	0.013568247194627
0.017999999225140	0.018972445392381
0.019999999552965	0.022868449102959
0.021999999880791	0.025004095008440
0.024000000208616	0.025267682859327
0.026000000536442	0.023682503211737
0.028000000864267	0.020418756628509
0.029999999329448	0.015762699877030
0.032000001519918	0.010103071916078
0.034000001847744	0.0039001833833754
0.035999998450279	-0.0023562068542695
0.037999998778105	-0.0081836213179166
0.039999999105930	-0.013139880416782
0.041999999433756	-0.016867543880561
0.043999999761581	-0.019112889225728
0.046000000089407	-0.019750117549125
0.048000000417233	-0.018783363862400
0.050000000745058	-0.016350594127285
0.052000001072884	-0.012699713819546
0.054000001400709	-0.0081752397589355
0.056000001728535	-0.0031757424986465
0.057999998331070	0.0018715050326950
0.059999998658895	0.0065512164300586
0.061999998986721	0.010495408906623
0.064000003039837	0.013404432327222
0.065999999642372	0.015076720572456
0.068000003695488	0.015415542096935
0.070000000298023	0.014445611925660
0.071999996900558	0.012287126806716
0.074000000953674	0.0091656719258951
0.075999997556210	0.0053761037797342
0.078000001609325	0.0012617924357826
0.079999998211861	-0.0028185394030292
0.082000002264977	-0.0065129138817199
0.083999998867512	-0.0095156434334653
0.086000002920628	-0.011593221978844
0.087999999523163	-0.012591742059910
0.090000003576279	-0.012458729841087
0.092000000178814	-0.011241339524170
0.093999996781349	-0.0090787401084521
0.096000000834465	-0.0061887897217300
0.097999997437000	-0.0028493002162684
0.10000000149012	0.00063726612915139
0.10199999809265	0.0039590870458406
0.10400000214577	0.0068305700041468
0.10599999874830	0.0090118473081335
0.10800000280142	0.010334371422799
0.10999999940395	0.010702377656290
0.11200000345707	0.010110458389198
0.11400000005960	0.0086385616863567
0.11599999666214	0.0064372793340606
0.11800000071526	0.0037216598070076
0.11999999731779	0.00074425818159757
0.12200000137091	-0.0022212115358105
0.12399999797344	-0.0049120665086465
0.12600000202656	-0.0070928068722848
0.12800000607967	-0.0085804295145910
0.12999999523163	-0.0092582896501524
0.13199999928474	-0.0090838530472632
0.13400000333786	-0.0080917092029735
0.13600000739098	-0.0063918731096977
0.13799999654293	-0.0041526860998269
0.14000000059605	-0.0015897215528297
0.14200000464916	0.0010600582740188
0.14399999380112	0.0035549939058224
0.14599999785423	0.0056719547991550
0.14800000190735	0.0072308386406322
0.15000000596046	0.0081020182996834
0.15199999511242	0.0082212017557734
0.15399999916553	0.0075909440555995
0.15600000321865	0.0062858591082594
0.15800000727177	0.0044339277391572
0.15999999642372	0.0022144925590173
0.16200000047684	-0.00016302144548015
0.16400000452995	-0.0024820702352818
0.16599999368191	-0.0045308032655676
0.16799999773502	-0.0061268645014432
0.17000000178814	-0.0071345647413689
0.17200000584126	-0.0074705689193134
0.17399999499321	-0.0071166492639357
0.17599999904633	-0.0061152431692307
0.17800000309944	-0.0045717293770988
0.18000000715256	-0.0026368576644572
0.18199999630451	-0.00049261566662733
0.18400000035763	0.0016598257128836
0.18600000441074	0.0036233197112166
0.18799999356270	0.0052213249806499
0.18999999761581	0.0063133929890911
0.19200000166893	0.0068078831027794
0.19400000572205	0.0066677297746739
0.19599999487400	0.0059166921142629
0.19799999892712	0.0046302832510818
0.20000000298023	0.0029356431938377
0.20200000703335	0.00099380624781374
0.20399999618530	-0.0010143430155192
0.20600000023842	-0.0029023505124383
0.20800000429153	-0.0044982334953368
0.20999999344349	-0.0056583481451221
0.21199999749660	-0.0062832077336469
0.21400000154972	-0.0063179884229506
0.21600000560284	-0.0057715935392963
0.21799999475479	-0.0046980195879031
0.21999999880791	-0.0032067880186498
0.22200000286102	-0.0014412008364119
0.22400000691414	0.00043491951321983
0.22599999606609	0.0022461960260452
0.22800000011921	0.0038226640397687
0.23000000417233	0.0050256046656233
0.23199999332428	0.0057471693600757
0.23399999737740	0.0059252557908988
0.23600000143051	0.0055496855008159
0.23800000548363	0.0046640090516765
0.23999999463558	0.0033514358833213
0.24199999868870	0.0017392726603308
0.24400000274181	-1.9806622123351e-05
0.24600000679493	-0.0017594378825753
0.24799999594688	-0.0033223887812686
0.25000000000000	-0.0045624461489165
0.25200000405312	-0.0053694516780479
0.25400000810623	-0.0056685874226710
0.25600001215935	-0.0054426921728747
0.25799998641014	-0.0047128209786884
0.25999999046326	-0.0035554882312104
0.26199999451637	-0.0020796763697385
0.26399999856949	-0.00042661590331438
0.26600000262260	0.0012461423309380
0.26800000667572	0.0027854825391693
0.27000001072884	0.0040494776083755
0.27200001478195	0.0049216666577844
0.27399998903275	0.0053229793733959
0.27599999308586	0.0052248811297619
0.27799999713898	0.0046359623744696
0.28000000119209	0.0036167642758134
0.28200000524521	0.0022648658974566
0.28400000929832	0.00070972112509094
0.28600001335144	-0.00090431685476456
0.28799998760223	-0.0024258648780698
0.28999999165535	-0.0037123747854926
0.29199999570847	-0.0046447503566303
0.29399999976158	-0.0051411677813570
0.29600000381470	-0.0051555516856523
0.29800000786781	-0.0046925083890840
0.30000001192093	-0.0037959324944133
0.30199998617172	-0.0025544708074586
0.30399999022484	-0.0010861157996642
0.30599999427795	0.00046870101170088
0.30799999833107	0.0019656504738893
0.31000000238419	0.0032656820898294
0.31200000643730	0.0042467737614799
0.31400001049042	0.0048212879524190
0.31600001454353	0.0049340708424954
0.31799998879433	0.0045820724938160
0.31999999284744	0.0037997290611504
0.32199999690056	0.0026586223817459
0.32400000095367	0.0012717381408381
0.32600000500679	-0.00023240879558945
0.32800000905991	-0.0017112768237605
0.33000001311302	-0.0030268060334715
0.33199998736382	-0.0040564271031356
0.33399999141693	-0.0047053551321652
0.33599999547005	-0.0049144654307949
0.33799999952316	-0.0046665692484889
0.34000000357628	-0.0039848740894117
0.34200000762939	-0.0029397042168775
0.34400001168251	-0.0016263593496228
0.34599998593330	-0.00017372899734521
0.34799998998642	0.0012831667371264
0.34999999403954	0.0026063305005891
0.35199999809265	0.0036729484037927
0.35400000214577	0.0043850938478081
0.35600000619888	0.0046745684207123
0.35800001025200	0.0045188501541821
0.36000001430511	0.0039313957788661
0.36199998855591	0.0029699850115568
0.36399999260902	0.0017274558595038
0.36599999666214	0.00031781184268025
0.36800000071526	-0.0011234387073888
0.37000000476837	-0.0024606565335586
0.37200000882149	-0.0035698121263455
0.37400001287460	-0.0043457549969017
0.37599998712540	-0.0047183268982011
0.37799999117851	-0.0046525483529340
0.37999999523163	-0.0041569244396690
0.38199999928474	-0.0032775252434431
0.38400000333786	-0.0021013658036434
0.38600000739098	-0.00073842055537884
0.38800001144409	0.00068123404847965
0.38999998569489	0.0020241516635119
0.39199998974800	0.0031625372159158
0.39399999380112	0.0039910960129077
0.39599999785423	0.0044331315617091
0.39800000190735	0.0044451411177683
0.40000000596046	0.0040287689083277
0.40200001001358	0.0032236273282107
0.40400001406670	0.0021056560492751
0.40599998831749	0.00078185467221950
0.40799999237061	-0.00062564652716081
0.40999999642372	-0.0019816962986092
0.41200000047684	-0.0031600248440600
0.41400000452995	-0.0040479321585661
0.41600000858307	-0.0045637756381314
0.41800001263618	-0.0046589266145859
0.41999998688698	-0.0043267256182337
0.42199999094009	-0.0035958042502104
0.42399999499321	-0.0025398358030900
0.42599999904633	-0.0012575100479373
0.42800000309944	0.00012946587981847
0.43000000715256	0.0014886808065799
0.43200001120567	0.0026926685364405
0.43399998545647	0.0036269396480886
0.43599998950958	0.0042046986478472
0.43799999356270	0.0043691342858700
0.43999999761581	0.0041073211333654
0.44200000166893	0.0034426380453356
0.44400000572205	0.0024385174571349
0.44600000977516	0.0011893595943602
0.44800001382828	-0.00018629874091706
0.44999998807907	-0.0015596852925704
0.45199999213219	-0.0028012406105216
0.45399999618530	-0.0037918644358147
0.45600000023842	-0.0044396752370958
0.45800000429153	-0.0046820038631377
0.46000000834465	-0.0044971539015692
0.46200001239777	-0.0039028412579876
0.46399998664856	-0.0029560351993126
0.46599999070168	-0.0017464176567806
0.46799999475479	-0.00038772386337710
0.46999999880791	0.00098834665383745
0.47200000286102	0.0022533288469747
0.47400000691414	0.0032870003577634
0.47600001096725	0.0039915783976744
0.47799998521805	0.0043000835277528
0.47999998927116	0.0041810747539579
0.48199999332428	0.0036481075121956
0.48399999737740	0.0027483265314590
0.48600000143051	0.0015700622233800
0.48800000548363	0.00022028519691815
0.49000000953674	-0.0011716271464625
0.49200001358986	-0.0024732222993405
0.49399998784065	-0.0035618097016525
0.49599999189377	-0.0043338924672715
0.49799999594688	-0.0047172761160541
0.50000000000000	-0.0046741257361752
0.50199997425079	-0.0042080277984662
0.50400000810623	-0.0033640346224128
0.50599998235703	-0.0022219267398891
0.50800001621246	-0.00089010795161249
0.50999999046326	0.00050463260431327
0.51200002431870	0.0018291801013251
0.51399999856949	0.0029596410688329
0.51599997282028	0.0037866771694225
0.51800000667572	0.0042301397356447
0.51999998092651	0.0042500216216115
0.52200001478195	0.0038419981025331
0.52399998903275	0.0030431942349185
0.52600002288818	0.0019298521067090
0.52799999713898	0.00060487101014559
0.52999997138977	-0.00080598711429284
0.53200000524521	-0.0021695323494189
0.53399997949600	-0.0033561079986311
0.53600001335144	-0.0042520971112068
0.53799998760223	-0.0047724788487479
0.54000002145767	-0.0048677875206969
0.54199999570847	-0.0045280062160262
0.54400002956390	-0.0037853146482152
0.54600000381470	-0.0027083703985436
0.54799997806549	-0.0014021837698759
0.55000001192093	1.2710595119912e-05
0.55199998617172	0.0013976459889652
0.55400002002716	0.0026234911470622
0.55599999427795	0.0035719703168598
0.55800002813339	0.0041520971852002
0.56000000238419	0.0043078233296349
0.56199997663498	0.0040233480020885
0.56400001049042	0.0033249570045885
0.56599998474121	0.0022741309175316
0.56800001859665	0.00097194917131159
0.56999999284744	-0.00046007619460808
0.57200002670288	-0.0018867166662177
0.57400000095367	-0.0031716311755649
0.57599997520447	-0.0041929773582161
0.57800000905991	-0.0048524440979980
0.57999998331070	-0.0050880249999378
0.58200001716614	-0.0048749405254012
0.58399999141693	-0.0042330398784032
0.58600002527237	-0.0032233774173096
0.58799999952316	-0.0019407518051969
0.58999997377396	-0.00050733381534477
0.59200000762939	0.00094074052104778
0.59399998188019	0.0022650984869163
0.59600001573563	0.0033385909603928
0.59799998998642	0.0040578931437630
0.60000002384186	0.0043537470507552
0.60199999809265	0.0041957190532154
0.60399997234344	0.0035972608207938
0.60600000619888	0.0026119274528008
0.60799998044968	0.0013321922603079
0.61000001430511	-0.00012189764906503
0.61199998855591	-0.0016132356890975
0.61400002241135	-0.0029998997056005
0.61599999666214	-0.0041502826076430
0.61799997091293	-0.0049549681890642
0.62000000476837	-0.0053343084252095
0.62199997901917	-0.0052532600175385
0.62400001287460	-0.0047166425730734
0.62599998712540	-0.0037757427417230
0.62800002098083	-0.0025176524736684
0.62999999523163	-0.0010640341031878
0.63200002908707	0.00044860797333608
0.63400000333786	0.0018756171356559
0.63599997758865	0.0030796650558740
0.63800001144409	0.0039459628078315
0.63999998569489	0.0043878414987058
0.64200001955032	0.0043643752079598
0.64399999380112	0.0038713945371108
0.64600002765656	0.0029564526899830
0.64800000190735	0.0017027173521021
0.64999997615814	0.00022716267121150
0.65200001001358	-0.0013307939159841
0.65399998426437	-0.0028246941554867
0.65600001811981	-0.0041108456951272
0.65799999237061	-0.0050671997601121
0.66000002622604	-0.0056014669865863
0.66200000047684	-0.0056598443274169
0.66399997472763	-0.0052373686354106
0.66600000858307	-0.0043702386168098
0.66799998283386	-0.0031416021551991
0.67000001668930	-0.0016675623656255
0.67199999094009	-8.7163987675149e-05
0.67400002479553	0.0014472151370656
0.67599999904633	0.0027906638402520
0.67799997329712	0.0038123342758342
0.68000000715256	0.0044124479782156
0.68199998140335	0.0045325754810530
0.68400001525879	0.0041580461497056
0.68599998950958	0.0033206040589681
0.68800002336502	0.0020964800160120
0.68999999761581	0.00059975019817964
0.69199997186661	-0.0010271633840173
0.69400000572205	-0.0026333618701953
0.69599997997284	-0.0040651581568538
0.69800001382828	-0.0051843475632263
0.69999998807907	-0.0058862983204964
0.70200002193451	-0.0060997834054126
0.70399999618530	-0.0058017328426558
0.70599997043610	-0.0050207823105311
0.70800000429153	-0.0038281339766909
0.70999997854233	-0.0023366075982758
0.71200001239777	-0.00068844105262221
0.71399998664856	0.00096068545254732
0.71600002050400	0.0024530068595576
0.71799999475479	0.0036424820718663
0.72000002861023	0.0044165954996483
0.72200000286102	0.0046965127149230
0.72399997711182	0.0044535181944283
0.72600001096725	0.0037064546234907
0.72799998521805	0.0025213224739190
0.73000001907349	0.0010090791217826
0.73199999332428	-0.00068958255176568
0.73400002717972	-0.0024157967886291
0.73600000143051	-0.0040042311791347
0.73799997568130	-0.0053037437987135
0.74000000953674	-0.0061901122601439
0.74199998378754	-0.0065759578860410
0.74400001764297	-0.0064232014307222
0.74599999189377	-0.0057419200977068
0.74800002574921	-0.0045968186130003
0.75000000000000	-0.0030945348462340
0.75199997425079	-0.0013781339297522
0.75400000810623	0.00039099024055126
0.75599998235703	0.0020432861123719
0.75800001621246	0.0034188487455420
0.75999999046326	0.0043845106329963
0.76200002431870	0.0048450268824102
0.76399999856949	0.0047537675740526
0.76599997282028	0.0041133650076004
0.76800000667572	0.0029816661072269
0.76999998092651	0.0014598383243083
0.77200001478195	-0.00031042551192534
0.77399998903275	-0.0021612517426087
0.77600002288818	-0.0039195352150969
0.77799999713898	-0.0054179179786209
0.77999997138977	-0.0065117321018460
0.78200000524521	-0.0070950949699063
0.78399997949600	-0.0071100112255993
0.78600001335144	-0.0065519808364963
0.78799998760223	-0.0054700786950007
0.79000002145767	-0.0039673721987148
0.79199999570847	-0.0021837124121611
0.79400002956390	-0.00028972863343324
0.79600000381470	0.0015356549045377
0.79799997806549	0.0031156183618373
0.80000001192093	0.0042977153066137
0.80199998617172	0.0049656609597717
0.80400002002716	0.0050531872465273
0.80599999427795	0.0045444509432747
0.80800002813339	0.0034833785502477
0.81000000238419	0.0019640869988715
0.81199997663498	0.00012816840087527
0.81400001049042	-0.0018537710078793
0.81599998474121	-0.0037952609255395
0.81800001859665	-0.0055135312294191
0.81999999284744	-0.0068424096756699
0.82200002670288	-0.0076534715586506
0.82400000095367	-0.0078668335984648
0.82599997520447	-0.0074595943359971
0.82800000905991	-0.0064661751972904
0.82999998331070	-0.0049779300439398
0.83200001716614	-0.0031348665279791
0.83399999141693	-0.0011120262632424
0.83600002527237	0.00089949535478308
0.83799999952316	0.0027066705555081
0.83999997377396	0.0041350885954851
0.84200000762939	0.0050452885339032
0.84399998188019	0.0053455116704673
0.84600001573563	0.0050004933363983
0.84799998998642	0.0040381908690670
0.85000002384186	0.0025408407751277
0.85199999809265	0.00064915069159067
0.85399997234344	-0.0014666031917969
0.85600000619888	-0.0036056392059634
0.85799998044968	-0.0055667687348280
0.86000001430511	-0.0071633290884888
0.86199998855591	-0.0082403664662760
0.86400002241135	-0.0086938646297444
0.86599999666214	-0.0084751358391256
0.86799997091293	-0.0076017558249647
0.87000000476837	-0.0061533309065417
0.87199997901917	-0.0042639923549603
0.87400001287460	-0.0021125346043536
0.87599998712540	9.7749269656385e-05
0.87800002098083	0.0021568827197694
0.87999999523163	0.0038661217948267
0.88200002908707	0.0050578133631713
0.88400000333786	0.0056156762334560
0.88599997758865	0.0054785874270257
0.88800001144409	0.0046514219409109
0.88999998569489	0.0032058418426854
0.89200001955032	0.0012717550832804
0.89399999380112	-0.00097304136434132
0.89600002765656	-0.0033213836813586
0.89800000190735	-0.0055529804950232
0.89999997615814	-0.0074544085324837
0.90200001001358	-0.0088445373872810
0.90399998426437	-0.0095878891137802
0.90600001811981	-0.0096089390171450
0.90799999237061	-0.0089013317347903
0.91000002622604	-0.0075282572162264
0.91200000047684	-0.0056150061726222
0.91399997472763	-0.0033418524823296
0.91600000858307	-0.00092238018911164
0.91799998283386	0.0014125263605676
0.92000001668930	0.0034410395001321
0.92199999094009	0.0049642097970156
0.92400002479553	0.0058332134301370
0.92599999904633	0.0059576472795823
0.92799997329712	0.0053166589695210
0.93000000715256	0.0039637234827500
0.93199998140335	0.0020144545176642
0.93400001525879	-0.00035139870029978
0.93599998950958	-0.0029180128916079
0.93800002336502	-0.0054454069411005
0.93999999761581	-0.0076944641614058
0.94199997186661	-0.0094529033145000
0.94400000572205	-0.010549110626821
0.94599997997284	-0.010874554157830
0.94800001382828	-0.010394189079228
0.94999998807907	-0.0091463969385352
0.95200002193451	-0.0072457586930688
0.95399999618530	-0.0048683211207277
0.95599997043610	-0.0022371560980083
0.95800000429153	0.00039845092334916
0.95999997854233	0.0027860827638091
0.96200001239777	0.0046983269005505
0.96399998664856	0.0059454453023736
0.96600002050400	0.0064010563637929
0.96799999475479	0.0060131401686812
0.97000002861023	0.0048078013289971
0.97200000286102	0.0028861667623541
0.97399997711182	0.00041905713636803
0.97600001096725	-0.0023672033529990
0.97799998521805	-0.0052152356521611
0.98000001907349	-0.0078580694685476
0.98199999332428	-0.010048322725110
0.98400002717972	-0.011574920449263
0.98600000143051	-0.012287257207411
0.98799997568130	-0.012112764998042
0.99000000953674	-0.011060847755883
0.99199998378754	-0.0092252633542187
0.99400001764297	-0.0067759943240351
0.99599999189377	-0.0039399788056772
0.99800002574921	-0.00098454862571439
1.0000000000000	0.0018086736348587
1.0019999742508	0.0041731292412591
1.0039999485016	0.0058766004920641
1.0060000419617	0.0067533176367846
1.0080000162125	0.0067033609586020
1.0099999904633	0.0057219923126894
1.0119999647141	0.0038883675385478
1.0140000581741	0.0013594936017305
1.0160000324249	-0.0016349372451003
1.0180000066757	-0.0048230507968629
1.0199999809265	-0.0079082105694154
1.0219999551773	-0.010602231132473
1.0240000486374	-0.012648279867116
1.0260000228882	-0.013847622602648
1.0279999971390	-0.014082326260767
1.0299999713898	-0.013321265178631
1.0319999456406	-0.011628592229160
1.0340000391006	-0.0091595299669697
1.0360000133514	-0.0061405352550102
1.0379999876022	-0.0028551123835169
1.0399999618530	0.00038465002413711
1.0420000553131	0.0032725919794337
1.0440000295639	0.0055273235377677
1.0460000038147	0.0069292171744972
1.0479999780655	0.0073283911234789
1.0499999523163	0.0066772238614952
1.0520000457764	0.0050156567688581
1.0540000200272	0.0024877213702073
1.0559999942780	-0.00068619529669432
1.0579999685287	-0.0042207377894624
1.0599999427795	-0.0077925273684503
1.0620000362396	-0.011067028036360
1.0640000104904	-0.013737693241459
1.0659999847412	-0.015547897147538
1.0679999589920	-0.016320465825648
1.0700000524521	-0.015974386814327
1.0720000267029	-0.014533235976876
1.0740000009537	-0.012122759294395
1.0759999752045	-0.0089669866061559
1.0779999494553	-0.0053569030875352
1.0800000429153	-0.0016317732775563
1.0820000171661	0.0018532056720292
1.0839999914169	0.0047648014389242
1.0859999656677	0.0068193893456692
1.0880000591278	0.0078072234271369
1.0900000333786	0.0076192895677737
1.0920000076294	0.0062525599167609
1.0939999818802	0.0038153053179365
1.0959999561310	0.00051608239903817
1.0980000495911	-0.0033548266013018
1.1000000238419	-0.0074453646792679
1.1019999980927	-0.011380951867199
1.1039999723434	-0.014793459114944
1.1059999465942	-0.017360501409573
1.1080000400543	-0.018832595538657
1.1100000143051	-0.019062350389509
1.1119999885559	-0.018017696131583
1.1139999628067	-0.015786313330991
1.1160000562668	-0.012568213514017
1.1180000305176	-0.0086606465804673
1.1200000047684	-0.0044289801316281
1.1219999790192	-0.00027242205071980
1.1239999532700	0.0034126788025656
1.1260000467300	0.0062697755735675
1.1280000209808	0.0080173755143889
1.1299999952316	0.0084656083971935
1.1319999694824	0.0075540838744368
1.1339999437332	0.0053405587064270
1.1360000371933	0.0020028301521798
1.1380000114441	-0.0021649952566004
1.1399999856949	-0.0067966112016496
1.1419999599457	-0.011469711304006
1.1440000534058	-0.015753214644358
1.1460000276566	-0.019247031111213
1.1480000019073	-0.021615576881288
1.1499999761581	-0.022626452875453
1.1519999504089	-0.022171251790823
1.1540000438690	-0.020281844549506
1.1560000181198	-0.017120798735335
1.1579999923706	-0.012976812154928
1.1599999666214	-0.0082354048064998
1.1619999408722	-0.0033395994714366
1.1640000343323	0.0012459586447041
1.1660000085831	0.0050812900717877
1.1679999828339	0.0077890209129488
1.1699999570847	0.0090948106958059
1.1720000505447	0.0088452750250763
1.1740000247955	0.0070348565683907
1.1759999990463	0.0037968251301309
1.1779999732971	-0.00059628275671395
1.1799999475479	-0.0057642809632265
1.1820000410080	-0.011245516946430
1.1840000152588	-0.016539004354232
1.1859999895096	-0.021154368081599
1.1879999637604	-0.024656202190015
1.1900000572205	-0.026703391893361
1.1920000314713	-0.027091383980690
1.1940000057220	-0.025765230614703
1.1959999799728	-0.022834047350414
1.1979999542236	-0.018557895846179
1.2000000476837	-0.013331736801241
1.2020000219345	-0.0076398359093135
1.2039999961853	-0.0020204113735249
1.2059999704361	0.0029921533730342
1.2079999446869	0.0069105477099900
1.2100000381470	0.0093408675683438
1.2120000123978	0.010025169333318
1.2139999866486	0.0088608197786780
1.2159999608994	0.0059124515133918
1.2180000543594	0.0014128463068916
1.2200000286102	-0.0042581005501431
1.2220000028610	-0.010603863676991
1.2239999771118	-0.017055746494670
1.2259999513626	-0.023020568829695
1.2280000448227	-0.027941689542916
1.2300000190735	-0.031348276255907
1.2319999933243	-0.032902876194942
1.2339999675751	-0.032438600896862
1.2359999418259	-0.029977260840047
1.2380000352859	-0.025731010247175
1.2400000095367	-0.020082351625711
1.2419999837875	-0.013553416962588
1.2439999580383	-0.0067557489713824
1.2460000514984	-0.00033496942755994
1.2480000257492	0.0050918194053726
1.2500000000000	0.0089894799742665
1.2519999742508	0.010953033813364
1.2539999485016	0.010754133799664
1.2560000419617	0.0083578863523303
1.2580000162125	0.0039297883628264
1.2599999904633	-0.0021744587236634
1.2619999647141	-0.0094336545493655
1.2640000581741	-0.017208013052531
1.2660000324249	-0.024797398652089
1.2680000066757	-0.031495858132973
1.2699999809265	-0.036671492864821
1.2719999551773	-0.039820378216297
1.2740000486374	-0.040620636180400
1.2760000228882	-0.038964639212711
1.2779999971390	-0.034981850698777
1.2799999713898	-0.029023795470719
1.2819999456406	-0.021630945252612
1.2840000391006	-0.013496906092497
1.2860000133514	-0.0053828963691610
1.2879999876022	0.0019285837664954
1.2899999618530	0.0077257161435321
1.2920000553131	0.011421825917066
1.2940000295639	0.012615014445236
1.2960000038147	0.011125410038143
1.2979999780655	0.0070124590792302
1.2999999523163	0.00058396637506988
1.3020000457764	-0.0076343922393689
1.3040000200272	-0.016940391514908
1.3059999942780	-0.026503577000648
1.3079999685287	-0.035455614260561
1.3099999427795	-0.042954747588509
1.3120000362396	-0.048282582041534
1.3140000104904	-0.050901312854636
1.3159999847412	-0.050528268638740
1.3179999589920	-0.047155385244769
1.3200000524521	-0.041063928142737
1.3220000267029	-0.032801354467854
1.3240000009537	-0.023129648505994
1.3259999752045	-0.012957088350977
1.3279999494553	-0.0032565508496973
1.3300000429153	0.0050318957615660
1.3320000171661	0.011077638613897
1.3339999914169	0.014248445963955
1.3359999656677	0.014154085295871
1.3380000591278	0.010700996845013
1.3400000333786	0.0040977990312643
1.3420000076294	-0.0051531783644415
1.3439999818802	-0.016282982198917
1.3459999561310	-0.028334446444020
1.3480000495911	-0.040223924472993
1.3500000238419	-0.050857785493108
1.3519999980927	-0.059223428055645
1.3539999723434	-0.064490002221609
1.3559999465942	-0.066111808502528
1.3580000400543	-0.063874453494690
1.3600000143051	-0.057930588228601
1.3619999885559	-0.048800970941844
1.3639999628067	-0.037318652397215
1.3660000562668	-0.024557280882460
1.3680000305176	-0.011730610787461
1.3700000047684	-8.6718721892122e-05
1.3719999790192	0.0092204065938534
1.3739999532700	0.015224557559165
1.3760000467300	0.017241975073339
1.3780000209808	0.014934208070339
1.3799999952316	0.0083463297799711
1.3819999694824	-0.0020783175752493
1.3839999437332	-0.015535095036291
1.3860000371933	-0.030907667940932
1.3880000114441	-0.046860823531482
1.3899999856949	-0.061948643917394
1.3919999599457	-0.074759508735382
1.3940000534058	-0.084042261705397
1.3960000276566	-0.088849773525274
1.3980000019073	-0.088635873656145
1.3999999761581	-0.083333533170739
1.4019999504089	-0.073374768618841
1.4040000438690	-0.059652623187326
1.4060000181198	-0.043448866005174
1.4079999923706	-0.026310856105974
1.4099999666214	-0.0099032326934965
1.4119999408722	0.0041374402697122
1.4140000343323	0.014359137389585
1.4160000085831	0.019618502617997
1.4179999828339	0.019194521961050
1.4199999570847	0.012850336882935
1.4220000505447	0.00088095494271340
1.4240000247955	-0.015898276239255
1.4259999990463	-0.036196583392284
1.4279999732971	-0.058337705216036
1.4299999475479	-0.080390378865461
1.4320000410080	-0.10034060391302
1.4340000152588	-0.11628007028332
1.4359999895096	-0.12660894725890
1.4379999637604	-0.13021543808268
1.4400000572205	-0.12661773648036
1.4420000314713	-0.11603731548555
1.4440000057220	-0.099402913002690
1.4459999799728	-0.078268849297591
1.4479999542236	-0.054674042018153
1.4500000476837	-0.030946215802447
1.4520000219345	-0.0094868492105815
1.4539999961853	0.0074457306948586
1.4559999704361	0.017933880820315
1.4579999446869	0.020571667873039
1.4600000381470	0.014594463706345
1.4620000123978	-3.8550979799982e-05
1.4639999866486	-0.022602914418915
1.4659999608994	-0.051625935287986
1.4680000543594	-0.084957925444881
1.4700000286102	-0.11991627134158
1.4720000028610	-0.15348892033943
1.4739999771118	-0.18260071947407
1.4759999513626	-0.20443013000839
1.4780000448227	-0.21672667654354
1.4800000190735	-0.21810225379418
1.4819999933243	-0.20823925235264
1.4839999675751	-0.18798035301513
1.4859999418259	-0.15928252666661
1.4880000352859	-0.12504181941512
1.4900000095367	-0.088816107040552
1.4919999837875	-0.054489261003930
1.4939999580383	-0.025931077547458
1.4960000514984	-0.0066679125482961
1.4980000257492	0.00039767737675353
1.5000000000000	-0.0067814220167806
1.5019999742508	-0.029216661356007
1.5039999485016	-0.066746660722988
1.5060000419617	-0.11795869416877
1.5080000162125	-0.18017560866070
1.5099999904633	-0.24951233635094
1.5119999647141	-0.32107051279078
1.5140000581741	-0.38926190542218
1.5160000324249	-0.44830494555781
1.5180000066757	-0.49287341875646
1.5199999809265	-0.51881293313704
1.5219999551773	-0.52382318186306
1.5240000486374	-0.50797718399205
1.5260000228882	-0.47392431584920
1.5279999971390	-0.42676393208412
1.5299999713898	-0.37363444421354
1.5319999456406	-0.32311384561356
1.5340000391006	-0.28459411783723
1.5360000133514	-0.26774819022506
1.5379999876022	-0.28215541195442
1.5399999618530	-0.33709768998567
1.5420000553131	-0.44152672011043
1.5440000295639	-0.60415356230931
1.5460000038147	-0.83363460205430
1.5479999780655	-1.1388327200735
1.5499999523163	-1.5290872207319
1.5520000457764	-2.0144897499482
1.5540000200272	-2.6060628202985
1.5559999942780	-3.3156283687304
1.5579999685287	-4.1548479369580
1.5599999427795	-5.1321480977018
1.5620000362396	-6.2444303776417
1.5640000104904	-7.4567291476346
1.5659999847412	-8.6595336784094
1.5679999589920	-9.6117983189697
1.5700000524521	-9.9723024489967
1.5720000267029	-9.5629806893496
1.5740000009537	-8.5758226428671
1.5759999752045	-7.3517136348733
1.5779999494553	-6.1256343606259
1.5800000429153	-5.0029106555760
1.5820000171661	-4.0166756786916
1.5839999914169	-3.1694626966897
1.5859999656677	-2.4528248790723
1.5880000591278	-1.8553073747579
1.5900000333786	-1.3653834838084
1.5920000076294	-0.97234888023257
1.5939999818802	-0.66643769688939
1.5959999561310	-0.43861334872440
1.5980000495911	-0.28028127144401
1.6000000238419	-0.18296918285348
1.6019999980927	-0.13803302833704
1.6039999723434	-0.13642291005097
1.6059999465942	-0.16851938587679
1.6080000400543	-0.22413024424668
1.6100000143051	-0.29265756935272
1.6119999885559	-0.36349982363213
1.6139999628067	-0.42668752120767
1.6160000562668	-0.47368427197148
1.6180000305176	-0.49820874981065
1.6200000047684	-0.49687867838310
1.6219999790192	-0.46948419455212
1.6239999532700	-0.41881179170955
1.6260000467300	-0.35003257432420
1.6280000209808	-0.26982762657233
1.6299999952316	-0.18546605987988
1.6319999694824	-0.10396847382947
1.6339999437332	-0.031490354973746
1.6360000371933	0.027091590204611
1.6380000114441	0.068393531148519
1.6399999856949	0.090602291982424
1.6419999599457	0.093462918695097
1.6440000534058	0.078194976825107
1.6460000276566	0.047366213345157
1.6480000019073	0.0046980604594477
1.6499999761581	-0.045186033134244
1.6519999504089	-0.097114289883016
1.6540000438690	-0.14578197958527
1.6560000181198	-0.18624716624023
1.6579999923706	-0.21443936057909
1.6599999666214	-0.22760210934797
1.6619999408722	-0.22460003422784
1.6640000343323	-0.20601117757301
1.6660000085831	-0.17400708667028
1.6679999828339	-0.13202113337030
1.6699999570847	-0.084298231461112
1.6720000505447	-0.035401241032628
1.6740000247955	0.010271651724622
1.6759999990463	0.048854727106649
1.6779999732971	0.077315622288453
1.6799999475479	0.093633908979796
1.6820000410080	0.096900495342066
1.6840000152588	0.087325095599594
1.6859999895096	0.066206289306982
1.6879999637604	0.035804909604497
1.6900000572205	-0.00082764593512132
1.6920000314713	-0.040084869277035
1.6940000057220	-0.078121791681350
1.6959999799728	-0.11120994815524
1.6979999542236	-0.13610549033643
1.7000000476837	-0.15040195008044
1.7020000219345	-0.15278959736341
1.7039999961853	-0.14319908286837
1.7059999704361	-0.12278225689969
1.7079999446869	-0.093751944335815
1.7100000381470	-0.059096246328652
1.7120000123978	-0.022233942831917
1.7139999866486	0.013351306472733
1.7159999608994	0.044439352212515
1.7180000543594	0.068345903582916
1.7200000286102	0.083121802585128
1.7220000028610	0.087681112341358
1.7239999771118	0.081856221831237
1.7259999513626	0.066389859304648
1.7280000448227	0.042870431477893
1.7300000190735	0.013599531738803
1.7319999933243	-0.018593380781950
1.7339999675751	-0.050594834491095
1.7359999418259	-0.079294573941101
1.7380000352859	-0.10189238410960
1.7400000095367	-0.11619158097876
1.7419999837875	-0.12083920886911
1.7439999580383	-0.11547190992906
1.7460000514984	-0.10074807579911
1.7480000257492	-0.078257703901466
1.7500000000000	-0.050320871629056
1.7519999742508	-0.019722574937417
1.7539999485016	0.010585853812571
1.7560000419617	0.037776203204384
1.7580000162125	0.059398712087640
1.7599999904633	0.073580142483139
1.7619999647141	0.079157090171218
1.7640000581741	0.075760331868512
1.7660000324249	0.063822537702218
1.7680000066757	0.044542548667583
1.7699999809265	0.019780957461757
1.7719999551773	-0.0080886054314371
1.7740000486374	-0.036384780975483
1.7760000228882	-0.062367334356103
1.7779999971390	-0.083501347760228
1.7799999713898	-0.097722324887093
1.7819999456406	-0.10365719946827
1.7840000391006	-0.10077732353353
1.7860000133514	-0.089448153249847
1.7879999876022	-0.070885759421049
1.7899999618530	-0.047002660636396
1.7920000553131	-0.020189522774410
1.7940000295639	0.0069396575790387
1.7960000038147	0.031810124998452
1.7979999780655	0.052126521355914
1.7999999523163	0.066067183126318
1.8020000457764	0.072427096606389
1.8040000200272	0.070704124801327
1.8059999942780	0.061131258049123
1.8079999685287	0.044655309291982
1.8099999427795	0.022851467203227
1.8120000362396	-0.0022012231601820
1.8140000104904	-0.028102957896165
1.8159999847412	-0.052348123846329
1.8179999589920	-0.072570759306364
1.8200000524521	-0.086787786850558
1.8220000267029	-0.093609954198853
1.8240000009537	-0.092395890944169
1.8259999752045	-0.083319189886677
1.8279999494553	-0.067348793707904
1.8300000429153	-0.046123610164162
1.8320000171661	-0.021778331859382
1.8339999914169	0.0033018289196558
1.8359999656677	0.026709252783796
1.8380000591278	0.046249257058720
1.8400000333786	0.060131812667245
1.8420000076294	0.067117577031586
1.8439999818802	0.066609936467311
1.8459999561310	0.058702457979590
1.8480000495911	0.044163788738592
1.8500000238419	0.024373181724356
1.8519999980927	0.0012065836963233
1.8539999723434	-0.023119007403567
1.8559999465942	-0.046256341327110
1.8580000400543	-0.065947007391687
1.8600000143051	-0.080255446379593
1.8619999885559	-0.087771843902015
1.8639999628067	-0.087771500364804
1.8660000562668	-0.080289692226274
1.8680000305176	-0.066119936725870
1.8700000047684	-0.046716739205687
1.8719999790192	-0.024031825466668
1.8739999532700	-0.00030208422823315
1.8760000467300	0.022177536848115
1.8780000209808	0.041278285533953
1.8799999952316	0.055219138038669
1.8819999694824	0.062730289963003
1.8839999437332	0.063141048861915
1.8860000371933	0.056438715490573
1.8880000114441	0.043264396784836
1.8899999856949	0.024857109452786
1.8919999599457	0.0029541844741112
1.8940000534058	-0.020354151375394
1.8960000276566	-0.042822043537357
1.8980000019073	-0.062257750835926
1.8999999761581	-0.076746852010030
1.9019999504089	-0.084855496312462
1.9040000438690	-0.085787463723551
1.9060000181198	-0.079476355314672
1.9079999923706	-0.066588628987943
1.9099999666214	-0.048444485796604
1.9119999408722	-0.026874224882784
1.9140000343323	-0.0040125961778010
1.9160000085831	0.017915554522330
1.9179999828339	0.036810797626074
1.9199999570847	0.050896493312310
1.9220000505447	0.058863229921578
1.9240000247955	0.059983347905568
1.9259999990463	0.054159600399201
1.9279999732971	0.041936788858097
1.9299999475479	0.024455015415803
1.9320000410080	0.0033593772489509
1.9340000152588	-0.019347899684321
1.9359999895096	-0.041479490889936
1.9379999637604	-0.060877721377345
1.9400000572205	-0.075629530810215
1.9420000314713	-0.084269967613530
1.9440000057220	-0.085944686695432
1.9459999799728	-0.080503653094843
1.9479999542236	-0.068520784072513
1.9500000476837	-0.051225984113563
1.9520000219345	-0.030364893955825
1.9539999961853	-0.0080140761608303
1.9559999704361	0.013638193982829
1.9579999446869	0.032505607671786
1.9600000381470	0.046793622636635
1.9620000123978	0.055157099139740
1.9639999866486	0.056813314926052
1.9659999608994	0.051600876511494
1.9680000543594	0.039992368117317
1.9700000286102	0.023063769522157
1.9720000028610	0.0023939473318136
1.9739999771118	-0.020057089514301
1.9759999513626	-0.042134142269154
1.9780000448227	-0.061686662158358
1.9800000190735	-0.076785514833757
1.9819999933243	-0.085928248112237
1.9839999675751	-0.088207768338011
1.9859999418259	-0.083408027735942
1.9880000352859	-0.072038842824146
1.9900000095367	-0.055269945749055
1.9919999837875	-0.034802743673750
1.9939999580383	-0.012685546131388
1.9960000514984	0.0089031073809275
1.9980000257492	0.027863354179829
2.0000000000000	0.042372199525685