#Parameters = {e=0.035; h=1.6; l=29.9; ls=88; w=43.8; w0=1.58; w1=3; ws=80; y0=10; y1=22}
#"Frequency / GHz"	"S1,1 (3) [Magnitude]"
#----------------------------------------
0.0000000000000	-0.051230010713539
0.0020000000949949	-0.049771707258592
0.0040000001899898	-0.045490267889792
0.0060000000521541	-0.038659175142089
0.0080000003799796	-0.029714459081999
0.0099999997764826	-0.019222502188896
0.012000000104308	-0.0078361345866045
0.014000000432134	0.0037400708156783
0.016000000759959	0.014809146607714
0.017999999225140	0.024709374819630
0.019999999552965	0.032875879494201
0.021999999880791	0.038852116685495
0.024000000208616	0.042330927395122
0.026000000536442	0.043164239382926
0.028000000864267	0.041367160267497
0.029999999329448	0.037121599412208
0.032000001519918	0.030753199562978
0.034000001847744	0.022718994165064
0.035999998450279	0.013568453538722
0.037999998778105	0.0039180360462037
0.039999999105930	-0.0056020759407739
0.041999999433756	-0.014376456229076
0.043999999761581	-0.021858122211433
0.046000000089407	-0.027593048553448
0.048000000417233	-0.031258134469407
0.050000000745058	-0.032677393365757
0.052000001072884	-0.031836632700497
0.054000001400709	-0.028870522046457
0.056000001728535	-0.024060782206453
0.057999998331070	-0.017804131849218
0.059999998658895	-0.010585044859060
0.061999998986721	-0.0029346709286068
0.064000003039837	0.0046021785515986
0.065999999642372	0.011511028671466
0.068000003695488	0.017335947975649
0.070000000298023	0.021714755299964
0.071999996900558	0.024391481048259
0.074000000953674	0.025239885125478
0.075999997556210	0.024266782037563
0.078000001609325	0.021596690433445
0.079999998211861	0.017477821703505
0.082000002264977	0.012243524927959
0.083999998867512	0.0063037748243391
0.086000002920628	0.00010528987266486
0.087999999523163	-0.0058961935175690
0.090000003576279	-0.011271888042912
0.092000000178814	-0.015649789430866
0.093999996781349	-0.018738879776887
0.096000000834465	-0.020351367928902
0.097999997437000	-0.020408615686161
0.10000000149012	-0.018956172952613
0.10199999809265	-0.016143058251968
0.10400000214577	-0.012217848084757
0.10599999874830	-0.0075028689085377
0.10800000280142	-0.0023722345188538
0.10999999940395	0.0027840517252478
0.11200000345707	0.0075834007732806
0.11400000005960	0.011680679992664
0.11599999666214	0.014792370845484
0.11800000071526	0.016715587723068
0.11999999731779	0.017337116117460
0.12200000137091	0.016644544265126
0.12399999797344	0.014723785244169
0.12600000202656	0.011743835065567
0.12800000607967	0.0079546830168305
0.12999999523163	0.0036562867443476
0.13199999928474	-0.00081547346343076
0.13400000333786	-0.0051214631439127
0.13600000739098	-0.0089398405449420
0.13799999654293	-0.011991358332351
0.14000000059605	-0.014061220562001
0.14200000464916	-0.015013887734173
0.14399999380112	-0.014800250233054
0.14599999785423	-0.013460986821806
0.14800000190735	-0.011122404099856
0.15000000596046	-0.0079851170096223
0.15199999511242	-0.0043046409507780
0.15399999916553	-0.00037300753920280
0.15600000321865	0.0035046817591364
0.15800000727177	0.0070351576418377
0.15999999642372	0.0099564910948100
0.16200000047684	0.012057566592932
0.16400000452995	0.013197248709571
0.16599999368191	0.013303257953121
0.16799999773502	0.012389021326246
0.17000000178814	0.010541976419530
0.17200000584126	0.0079180067942333
0.17399999499321	0.0047308894620763
0.17599999904633	0.0012337931367758
0.17800000309944	-0.0022994643286069
0.18000000715256	-0.0055977441418736
0.18199999630451	-0.0084102967587742
0.18400000035763	-0.010527404684288
0.18600000441074	-0.011797425219261
0.18799999356270	-0.012134201713543
0.18999999761581	-0.011526197990503
0.19200000166893	-0.010036206964986
0.19400000572205	-0.0077927115321729
0.19599999487400	-0.0049827653353087
0.19799999892712	-0.0018306999608954
0.20000000298023	0.0014138339088436
0.20200000703335	0.0044973257162133
0.20399999618530	0.0071866350911572
0.20600000023842	0.0092770438065318
0.20800000429153	0.010619564787092
0.20999999344349	0.011116478906925
0.21199999749660	0.010744190747976
0.21400000154972	0.0095414341520565
0.21600000560284	0.0076136130696313
0.21799999475479	0.0051155119015812
0.21999999880791	0.0022495879543679
0.22200000286102	-0.00075734674916104
0.22400000691414	-0.0036718018105136
0.22599999606609	-0.0062656320953971
0.22800000011921	-0.0083423095527252
0.23000000417233	-0.0097430423008795
0.23199999332428	-0.010370748271561
0.23399999737740	-0.010180007801424
0.23600000143051	-0.0091988475517855
0.23800000548363	-0.0075111442330741
0.23999999463558	-0.0052590953238173
0.24199999868870	-0.0026214614060678
0.24400000274181	0.00018726664043163
0.24600000679493	0.0029486142492943
0.24799999594688	0.0054473937105181
0.25000000000000	0.0074906532855844
0.25200000405312	0.0089236060292890
0.25400000810623	0.0096426253261162
0.25600001215935	0.0095980172411611
0.25799998641014	0.0088027789249041
0.25999999046326	0.0073210134318977
0.26199999451637	0.0052789806249608
0.26399999856949	0.0028392358622217
0.26600000262260	0.00019612849854082
0.26800000667572	-0.0024412197478402
0.27000001072884	-0.0048680602782066
0.27200001478195	-0.0068931794895161
0.27399998903275	-0.0083617307743867
0.27599999308586	-0.0091622699028952
0.27799999713898	-0.0092383366326387
0.28000000119209	-0.0085904631422553
0.28200000524521	-0.0072737054879284
0.28400000929832	-0.0053980584385724
0.28600001335144	-0.0031158136901664
0.28799998760223	-0.00061177148909135
0.28999999165535	0.0019173691068584
0.29199999570847	0.0042716442810721
0.29399999976158	0.0062701438798160
0.29600000381470	0.0077538023453333
0.29800000786781	0.0086143555838133
0.30000001192093	0.0087892465017456
0.30199998617172	0.0082657689034738
0.30399999022484	0.0070918177189028
0.30599999427795	0.0053647299139254
0.30799999833107	0.0032214949808903
0.31000000238419	0.00083396077081791
0.31200000643730	-0.0016076382373450
0.31400001049042	-0.0039104685585727
0.31600001454353	-0.0058951478224315
0.31799998879433	-0.0074060621469389
0.31999999284744	-0.0083253155686558
0.32199999690056	-0.0085856448821342
0.32400000095367	-0.0081673912117939
0.32600000500679	-0.0071092660448153
0.32800000905991	-0.0055007905609596
0.33000001311302	-0.0034689566444177
0.33199998736382	-0.0011807692052653
0.33399999141693	0.0011836945857186
0.33599999547005	0.0034364987843373
0.33799999952316	0.0054006902445109
0.34000000357628	0.0069206013227205
0.34200000762939	0.0078811427481688
0.34400001168251	0.0082097585548056
0.34599998593330	0.0078818428783156
0.34799998998642	0.0069246960462552
0.34999999403954	0.0054223663304212
0.35199999809265	0.0034880108130686
0.35400000214577	0.0012833766789931
0.35600000619888	-0.0010213202019445
0.35800001025200	-0.0032412117446626
0.36000001430511	-0.0051996696685554
0.36199998855591	-0.0067445310754343
0.36399999260902	-0.0077523652707314
0.36599999666214	-0.0081461533275026
0.36800000071526	-0.0078981434907464
0.37000000476837	-0.0070291260901255
0.37200000882149	-0.0056112976019480
0.37400001287460	-0.0037604785655817
0.37599998712540	-0.0016233756463384
0.37799999117851	0.00062613898395841
0.37999999523163	0.0028106461220368
0.38199999928474	0.0047565848765195
0.38400000333786	0.0063095749483937
0.38600000739098	0.0073481859572967
0.38800001144409	0.0077928478639805
0.38999998569489	0.0076086095062250
0.39199998974800	0.0068137555787527
0.39399999380112	0.0054701052863691
0.39599999785423	0.0036876857230269
0.39800000190735	0.0016079991802639
0.40000000596046	-0.00060469182747243
0.40200001001358	-0.0027721903074297
0.40400001406670	-0.0047216616611726
0.40599998831749	-0.0063014393499426
0.40799999237061	-0.0073842756052303
0.40999999642372	-0.0078844277657464
0.41200000047684	-0.0077628076487162
0.41400000452995	-0.0070336778180234
0.41600000858307	-0.0057542319786420
0.41800001263618	-0.0040301594418145
0.41999998688698	-0.0019986440060171
0.42199999094009	0.00017678347775289
0.42399999499321	0.0023231783961689
0.42599999904633	0.0042674765672506
0.42800000309944	0.0058552013835788
0.43000000715256	0.0069627674149437
0.43200001120567	0.0075015812259434
0.43399998545647	0.0074290495458755
0.43599998950958	0.0067518205606120
0.43799999356270	0.0055260917564145
0.43999999761581	0.0038479303086004
0.44200000166893	0.0018507225408522
0.44400000572205	-0.00030411467709581
0.44600000977516	-0.0024463899498851
0.44800001382828	-0.0044048841296776
0.44999998807907	-0.0060232361327676
0.45199999213219	-0.0071710614687813
0.45399999618530	-0.0077578267256130
0.45600000023842	-0.0077382252614844
0.45800000429153	-0.0071125471307130
0.46000000834465	-0.0059333701313989
0.46200001239777	-0.0042952832336536
0.46399998664856	-0.0023298571840856
0.46599999070168	-0.00019506297471922
0.46799999475479	0.0019368905960858
0.46999999880791	0.0038973828122319
0.47200000286102	0.0055271134447659
0.47400000691414	0.0066988401411969
0.47600001096725	0.0073172745506904
0.47799998521805	0.0073338763024069
0.47999998927116	0.0067465103684423
0.48199999332428	0.0056037250204406
0.48399999737740	0.0039947868886794
0.48600000143051	0.0020472719283974
0.48800000548363	-8.1181537934904e-05
0.49000000953674	-0.0022228818704403
0.49200001358986	-0.0042054286875772
0.49399998784065	-0.0058695637808593
0.49599999189377	-0.0070814613458628
0.49799999594688	-0.0077452964362845
0.50000000000000	-0.0078063660500897
0.50199997425079	-0.0072600903954708
0.50400000810623	-0.0061509240243918
0.50599998235703	-0.0045671624748580
0.50800001621246	-0.0026380545526921
0.50999999046326	-0.00051643970191469
0.51200002431870	0.0016264680920952
0.51399999856949	0.0036168679374356
0.51599997282028	0.0052976339937453
0.51800000667572	0.0065332781107227
0.51999998092651	0.0072226331130466
0.52200001478195	0.0073130232497704
0.52399998903275	0.0067940070277520
0.52600002288818	0.0057063782522771
0.52799999713898	0.0041376059008905
0.52999997138977	0.0022108470650100
0.53200000524521	8.0263576460391e-05
0.53399997949600	-0.0020823286382669
0.53600001335144	-0.0041063582199780
0.53799998760223	-0.0058270649862412
0.54000002145767	-0.0071067439169808
0.54199999570847	-0.0078411779292167
0.54400002956390	-0.0079716153688141
0.54600000381470	-0.0074869394463720
0.54799997806549	-0.0064241760870988
0.55000001192093	-0.0048703363685604
0.55199998617172	-0.0029499510461704
0.55400002002716	-0.00081785587844079
0.55599999427795	0.0013555690796876
0.55800002813339	0.0033949878111984
0.56000000238419	0.0051362665509469
0.56199997663498	0.0064382549482375
0.56400001049042	0.0071969399260020
0.56599998474121	0.0073480554503007
0.56800001859665	0.0068806892806390
0.56999999284744	0.0058286185477728
0.57200002670288	0.0042747963446768
0.57400000095367	0.0023439713847467
0.57599997520447	0.00018804363074793
0.57800000905991	-0.0020204028184655
0.57999998331070	-0.0041026116986615
0.58200001716614	-0.0058926413050796
0.58399999141693	-0.0072452669063986
0.58600002527237	-0.0080498872528967
0.58799999952316	-0.0082413502765144
0.58999997377396	-0.0078035927898911
0.59200000762939	-0.0067701666509081
0.59399998188019	-0.0052239187584424
0.59600001573563	-0.0032890788033314
0.59799998998642	-0.0011210944000768
0.60000002384186	0.0011045646589664
0.60199999809265	0.0032102420137614
0.60399997234344	0.0050246374078263
0.60600000619888	0.0063995697401495
0.60799998044968	0.0072262248675195
0.61000001430511	0.0074340811547112
0.61199998855591	0.0070050604316960
0.61400002241135	0.0059713785337966
0.61599999666214	0.0044131789195120
0.61799997091293	0.0024532595157732
0.62000000476837	0.00024877916956326
0.62199997901917	-0.0020243111126140
0.62400001287460	-0.0041850882241578
0.62599998712540	-0.0060572235324628
0.62800002098083	-0.0074908316030912
0.62999999523163	-0.0083682895216957
0.63200002908707	-0.0086170103988584
0.63400000333786	-0.0082161378893988
0.63599997758865	-0.0071959184303805
0.63800001144409	-0.0056375596918288
0.63999998569489	-0.0036662749084232
0.64200001955032	-0.0014401960424239
0.64399999380112	0.00086062079333204
0.64600002765656	0.0030501936797291
0.64800000190735	0.0049536088827967
0.64999997615814	0.0064137559749960
0.65200001001358	0.0073121860714382
0.65399998426437	0.0075745849987437
0.65600001811981	0.0071765903537180
0.65799999237061	0.0061481212764551
0.66000002622604	0.0045668628791749
0.66200000047684	0.0025600298793196
0.66399997472763	0.00028412161224284
0.66600000858307	-0.0020773070267400
0.66799998283386	-0.0043356451502330
0.67000001668930	-0.0063079895716468
0.67199999094009	-0.0078344806053501
0.67400002479553	-0.0087902822432579
0.67599999904633	-0.0090957479731487
0.67799997329712	-0.0087256617272377
0.68000000715256	-0.0077064383811424
0.68199998140335	-0.0061196383582125
0.68400001525879	-0.0040916187603452
0.68599998950958	-0.0017851206442263
0.68800002336502	0.00061377695218168
0.68999999761581	0.0029110883334371
0.69199997186661	0.0049200125962369
0.69400000572205	0.0064774970959257
0.69599997997284	0.0074558082696333
0.69800001382828	0.0077741344939388
0.69999998807907	0.0074032098792352
0.70200002193451	0.0063672897309293
0.70399999618530	0.0047486164079355
0.70599997043610	0.0026720815470756
0.70800000429153	0.00030233563876646
0.70999997854233	-0.0021714134603579
0.71200001239777	-0.0045507941366967
0.71399998664856	-0.0066438167614940
0.71600002050400	-0.0082795541259085
0.71799999475479	-0.0093251994090489
0.72000002861023	-0.0096929993100200
0.72200000286102	-0.0093502979467247
0.72399997711182	-0.0083238525102845
0.72600001096725	-0.0066925427014056
0.72799998521805	-0.0045890852234868
0.73000001907349	-0.0021794319325796
0.73199999332428	0.00034008484735141
0.73400002717972	0.0027687698647497
0.73600000143051	0.0049046483062447
0.73799997568130	0.0065788816289176
0.74000000953674	0.0076491096157124
0.74199998378754	0.0080294629140737
0.74400001764297	0.0076830800033469
0.74599999189377	0.0066332886338482
0.74800002574921	0.0049602227325227
0.75000000000000	0.0027940721402731
0.75199997425079	0.00030555401074976
0.75400000810623	-0.0023068579181708
0.75599998235703	-0.0048340439715185
0.75800001621246	-0.0070722304211671
0.75999999046326	-0.0088387281746529
0.76200002431870	-0.0099899703128806
0.76399999856949	-0.010428760754753
0.76599997282028	-0.010117340198686
0.76800000667572	-0.0090777960737965
0.76999998092651	-0.0073914768217995
0.77200001478195	-0.0051912899004285
0.77399998903275	-0.0026556055955598
0.77600002288818	1.2213140339263e-05
0.77799999713898	0.0025972601560616
0.77999997138977	0.0048885696373959
0.78200000524521	0.0066996649582570
0.78399997949600	0.0078811409093939
0.78600001335144	0.0083333111075942
0.78799998760223	0.0080142589599149
0.79000002145767	0.0069460009178956
0.79199999570847	0.0052056625925948
0.79400002956390	0.0029307210405044
0.79600000381470	0.00029768511499142
0.79799997806549	-0.0024826724125000
0.80000001192093	-0.0051890381649070
0.80199998617172	-0.0076025600762976
0.80400002002716	-0.0095276888646116
0.80599999427795	-0.010807344297474
0.80800002813339	-0.011333131933363
0.81000000238419	-0.011059677682293
0.81199997663498	-0.010005283867704
0.81400001049042	-0.0082518147973317
0.81599998474121	-0.0059385339670906
0.81800001859665	-0.0032513876402747
0.81999999284744	-0.00040502094966288
0.82200002670288	0.0023692466167573
0.82400000095367	0.0048477240925823
0.82599997520447	0.0068260778079136
0.82800000905991	0.0081420857023898
0.82999998331070	0.0086839073832601
0.83200001716614	0.0084026510697997
0.83399999141693	0.0073123202139180
0.83600002527237	0.0054961079286520
0.83799999952316	0.0030916892694733
0.83999997377396	0.00028864281428752
0.84200000762939	-0.0026937503968538
0.84399998188019	-0.0056157449849404
0.84600001573563	-0.0082427108715270
0.84799998998642	-0.010361929469771
0.85000002384186	-0.011799423832641
0.85199999809265	-0.012434758944546
0.85399997234344	-0.012213006890420
0.85600000619888	-0.011146594568740
0.85799998044968	-0.0093193651935310
0.86000001430511	-0.0068744103083366
0.86199998855591	-0.0040085261370746
0.86400002241135	-0.00094994509825808
0.86599999666214	0.0020527039003576
0.86799997091293	0.0047557278534225
0.87000000476837	0.0069405020610793
0.87199997901917	0.0084243359071478
0.87400001287460	0.0090808549817825
0.87599998712540	0.0088516100548191
0.87800002098083	0.0077467549711080
0.87999999523163	0.0058458678534850
0.88200002908707	0.0032933057291493
0.88400000333786	0.00028848617941836
0.88599997758865	-0.0029338221742707
0.88800001144409	-0.0061144248047278
0.88999998569489	-0.0090022793741180
0.89200001955032	-0.011359393354459
0.89399999380112	-0.012996359609220
0.89600002765656	-0.013774517727654
0.89800000190735	-0.013627150882307
0.89999997615814	-0.012559890729479
0.90200001001358	-0.010655087140876
0.90399998426437	-0.0080624984707705
0.90600001811981	-0.0049895900240153
0.90799999237061	-0.0016814862187758
0.91000002622604	0.0015953046777655
0.91200000047684	0.0045743591714153
0.91399997472763	0.0070117374434202
0.91600000858307	0.0087056228066503
0.91799998283386	0.0095145980493441
0.92000001668930	0.0093612013767816
0.92199999094009	0.0082516577081070
0.92400002479553	0.0062620096799313
0.92599999904633	0.0035431926754402
0.92799997329712	0.00030406109127010
0.93000000715256	-0.0032018107999991
0.93199998140335	-0.0066971051146302
0.93400001525879	-0.0099021027550568
0.93599998950958	-0.012559474797109
0.93800002336502	-0.014450253781658
0.93999999761581	-0.015418540467206
0.94199997186661	-0.015380506032199
0.94400000572205	-0.014332245673909
0.94599997997284	-0.012354024882573
0.94800001382828	-0.0096002636992313
0.94999998807907	-0.0062894795554305
0.95200002193451	-0.0026872358814079
0.95399999618530	0.00091612357114841
0.95599997043610	0.0042301256934894
0.95800000429153	0.0069824409666517
0.95999997854233	0.0089458807710632
0.96200001239777	0.0099531640197093
0.96399998664856	0.0099136313087351
0.96600002050400	0.0088192427745204
0.96799999475479	0.0067430742867219
0.97000002861023	0.0038389494685781
0.97200000286102	0.00033084593848966
0.97399997711182	-0.0035117144152962
0.97600001096725	-0.0073863023896756
0.97799998521805	-0.010982925183286
0.98000001907349	-0.014015236260309
0.98199999332428	-0.016233673688303
0.98400002717972	-0.017457059534506
0.98600000143051	-0.017579093255867
0.98799997568130	-0.016582895151996
0.99000000953674	-0.014543499062015
0.99199998378754	-0.011618691922453
0.99400001764297	-0.0080395018648620
0.99599999189377	-0.0040932906537333
0.99800002574921	-9.7261518193311e-05
1.0000000000000	0.0036261415178276
1.0019999742508	0.0067708475315709
1.0039999485016	0.0090803392820384
1.0060000419617	0.010354529165927
1.0080000162125	0.010481790887001
1.0099999904633	0.0094358608517489
1.0119999647141	0.0072839680527700
1.0140000581741	0.0041846965263589
1.0160000324249	0.00036759610262137
1.0180000066757	-0.0038724889333152
1.0199999809265	-0.0082031637455966
1.0219999551773	-0.012284083136655
1.0240000486374	-0.015787017851957
1.0260000228882	-0.018429544506959
1.0279999971390	-0.019994875749400
1.0299999713898	-0.020348608468684
1.0319999456406	-0.019453608535082
1.0340000391006	-0.017376050130981
1.0360000133514	-0.014275907611723
1.0379999876022	-0.010398107453214
1.0399999618530	-0.0060502760874987
1.0420000553131	-0.0015826259902453
1.0440000295639	0.0026424361216824
1.0460000038147	0.0062852688924600
1.0479999780655	0.0090395501681270
1.0499999523163	0.010674133630830
1.0520000457764	0.011044449105138
1.0540000200272	0.010100125061885
1.0559999942780	0.0078964909437747
1.0579999685287	0.0045922385890187
1.0599999427795	0.00042812001765841
1.0620000362396	-0.0042752100836298
1.0640000104904	-0.0091571133175777
1.0659999847412	-0.013832707591707
1.0679999589920	-0.017931983486665
1.0700000524521	-0.021123748298781
1.0720000267029	-0.023147416648689
1.0740000009537	-0.023830449348157
1.0759999752045	-0.023110853364629
1.0779999494553	-0.021036155997519
1.0800000429153	-0.017765893679558
1.0820000171661	-0.013555861163977
1.0839999914169	-0.0087412723299534
1.0859999656677	-0.0037051011308154
1.0880000591278	0.0011429641525011
1.0900000333786	0.0054105852420725
1.0920000076294	0.0087450228904467
1.0939999818802	0.010865709495296
1.0959999561310	0.011583293315873
1.0980000495911	0.010818661434146
1.1000000238419	0.0086087964866196
1.1019999980927	0.0051032777202796
1.1039999723434	0.00055531447662045
1.1059999465942	-0.0046898160832000
1.1080000400543	-0.010235614528778
1.1100000143051	-0.015648828686751
1.1119999885559	-0.020501252360540
1.1139999628067	-0.024405505399022
1.1160000562668	-0.027042530746336
1.1180000305176	-0.028192119644195
1.1200000047684	-0.027751366292420
1.1219999790192	-0.025744052352197
1.1239999532700	-0.022321579113418
1.1260000467300	-0.017749905742353
1.1280000209808	-0.012390190538802
1.1299999952316	-0.0066715354976254
1.1319999694824	-0.0010529600194831
1.1339999437332	0.0040104259250736
1.1360000371933	0.0081005760364172
1.1380000114441	0.010873285983501
1.1399999856949	0.012086705954451
1.1419999599457	0.011615539817288
1.1440000534058	0.0094670616835076
1.1460000276566	0.0057784660013283
1.1480000019073	0.00081258607954326
1.1499999761581	-0.0050665771386143
1.1519999504089	-0.011413860545163
1.1540000438690	-0.017739837708442
1.1560000181198	-0.023549924377213
1.1579999923706	-0.028381468557273
1.1599999666214	-0.031840919986334
1.1619999408722	-0.033642641182590
1.1640000343323	-0.033628309080012
1.1660000085831	-0.031784994754761
1.1679999828339	-0.028247631005711
1.1699999570847	-0.023288711671140
1.1720000505447	-0.017295916541577
1.1740000247955	-0.010748520420723
1.1759999990463	-0.0041706638859767
1.1779999732971	0.0019072369495445
1.1799999475479	0.0069835433491855
1.1820000410080	0.010636905330173
1.1840000152588	0.012546599628612
1.1859999895096	0.012527712875567
1.1879999637604	0.010544262204782
1.1900000572205	0.0067116273688558
1.1920000314713	0.0012919335033158
1.1940000057220	-0.0053254244570457
1.1959999799728	-0.012647031668555
1.1979999542236	-0.020114211782336
1.2000000476837	-0.027146653165294
1.2020000219345	-0.033190593578664
1.2039999961853	-0.037755730633375
1.2059999704361	-0.040465612691039
1.2079999446869	-0.041085731390363
1.2100000381470	-0.039550416214250
1.2120000123978	-0.035962560696238
1.2139999866486	-0.030594083724488
1.2159999608994	-0.023864665233014
1.2180000543594	-0.016306189447728
1.2200000286102	-0.0085223353326302
1.2220000028610	-0.0011429881098478
1.2239999771118	0.0052314375316704
1.2259999513626	0.010067580200749
1.2280000448227	0.012950787886146
1.2300000190735	0.013607484344212
1.2319999933243	0.011940517371185
1.2339999675751	0.0080255217804113
1.2359999418259	0.0021160432179241
1.2380000352859	-0.0053725954184703
1.2400000095367	-0.013892021126770
1.2419999837875	-0.022803792484588
1.2439999580383	-0.031421301456504
1.2460000514984	-0.039066893341914
1.2480000257492	-0.045129081974982
1.2500000000000	-0.049107079665339
1.2519999742508	-0.050663481306472
1.2539999485016	-0.049645925479632
1.2560000419617	-0.046112336720146
1.2580000162125	-0.040322803286374
1.2599999904633	-0.032726824534216
1.2619999647141	-0.023919247017619
1.2640000581741	-0.014602877685338
1.2660000324249	-0.0055275351874479
1.2680000066757	0.0025659170423707
1.2699999809265	0.0090076928408984
1.2719999551773	0.013245845363039
1.2740000486374	0.014890653118166
1.2760000228882	0.013749122109179
1.2779999971390	0.0098408143273159
1.2799999713898	0.0033981783712658
1.2819999456406	-0.0051472601759096
1.2840000391006	-0.015181309748704
1.2860000133514	-0.025966134154297
1.2879999876022	-0.036682256440439
1.2899999618530	-0.046495038341742
1.2920000553131	-0.054622555924420
1.2940000295639	-0.060398686122550
1.2960000038147	-0.063331587067214
1.2979999780655	-0.063153670645221
1.2999999523163	-0.059842484629190
1.3020000457764	-0.053634216401203
1.3040000200272	-0.044997471684162
1.3059999942780	-0.034612024056845
1.3079999685287	-0.023300885218379
1.3099999427795	-0.011974839521395
1.3120000362396	-0.0015556611106715
1.3140000104904	0.0070933225910438
1.3159999847412	0.013235802343278
1.3179999589920	0.016313751431456
1.3200000524521	0.016000697276328
1.3220000267029	0.012221159713342
1.3240000009537	0.0051664753447440
1.3259999752045	-0.0047175915960325
1.3279999494553	-0.016749365092551
1.3300000429153	-0.030062898338190
1.3320000171661	-0.043665814620968
1.3339999914169	-0.056511390468954
1.3359999656677	-0.067582427899692
1.3380000591278	-0.075977344636182
1.3400000333786	-0.080988035512293
1.3420000076294	-0.082161796399470
1.3439999818802	-0.079354210114957
1.3459999561310	-0.072744221960158
1.3480000495911	-0.062824699976941
1.3500000238419	-0.050367809922580
1.3519999980927	-0.036363254051958
1.3539999723434	-0.021938027639090
1.3559999465942	-0.0082670945832198
1.3580000400543	0.0035117669405711
1.3600000143051	0.012394091513452
1.3619999885559	0.017581856622127
1.3639999628067	0.018543425672075
1.3660000562668	0.015056058817930
1.3680000305176	0.0072305265918135
1.3700000047684	-0.0044839941063137
1.3719999790192	-0.019328323657064
1.3739999532700	-0.036269953584471
1.3760000467300	-0.054083101845131
1.3780000209808	-0.071423763099951
1.3799999952316	-0.086932909575912
1.3819999694824	-0.099360765459394
1.3839999437332	-0.10766109238166
1.3860000371933	-0.11109764044867
1.3880000114441	-0.10931815776827
1.3899999856949	-0.10239484785477
1.3919999599457	-0.090825904823596
1.3940000534058	-0.075512714018368
1.3960000276566	-0.057671184383474
1.3980000019073	-0.038745252861938
1.3999999761581	-0.020293031276250
1.4019999504089	-0.0038558252106397
1.4040000438690	0.0091522392365239
1.4060000181198	0.017549474329581
1.4079999923706	0.020481144677275
1.4099999666214	0.017479956949939
1.4119999408722	0.0085119620568066
1.4140000343323	-0.0060139199725735
1.4160000085831	-0.025241039807978
1.4179999828339	-0.047926322273549
1.4199999570847	-0.072499752702686
1.4220000505447	-0.097172680368906
1.4240000247955	-0.12006116674926
1.4259999990463	-0.13934363371556
1.4279999732971	-0.15342038450156
1.4299999475479	-0.16105645838126
1.4320000410080	-0.16152054354770
1.4340000152588	-0.15466676148761
1.4359999895096	-0.14096588444442
1.4379999637604	-0.12148156812450
1.4400000572205	-0.097786970172178
1.4420000314713	-0.071833875058887
1.4440000057220	-0.045797167436569
1.4459999799728	-0.021903495907782
1.4479999542236	-0.0022597120982500
1.4500000476837	0.011296322196384
1.4520000219345	0.017327816743587
1.4539999961853	0.014908190431396
1.4559999704361	0.0036900587504586
1.4579999446869	-0.016048582449897
1.4600000381470	-0.043387721160586
1.4620000123978	-0.076795159408912
1.4639999866486	-0.11418799362356
1.4659999608994	-0.15304666465509
1.4680000543594	-0.19057820233474
1.4700000286102	-0.22392498818811
1.4720000028610	-0.25040311394307
1.4739999771118	-0.26777287805715
1.4759999513626	-0.27446851523166
1.4780000448227	-0.26979820063602
1.4800000190735	-0.25405743694955
1.4819999933243	-0.22852868165838
1.4839999675751	-0.19539721483311
1.4859999418259	-0.15756716502476
1.4880000352859	-0.11841735316853
1.4900000095367	-0.081534372550068
1.4919999837875	-0.050448466449142
1.4939999580383	-0.028387206723470
1.4960000514984	-0.018074935262590
1.4980000257492	-0.021561926360560
1.5000000000000	-0.040086986985657
1.5019999742508	-0.073978190438943
1.5039999485016	-0.12257490013364
1.5060000419617	-0.18418034847582
1.5080000162125	-0.25606095850009
1.5099999904633	-0.33450609601623
1.5119999647141	-0.41496638998136
1.5140000581741	-0.49231325667914
1.5160000324249	-0.56122148416618
1.5180000066757	-0.61667020300836
1.5199999809265	-0.65451655908810
1.5219999551773	-0.67207589092022
1.5240000486374	-0.66858256467926
1.5260000228882	-0.64544789543498
1.5279999971390	-0.60625965970721
1.5299999713898	-0.55652778496910
1.5319999456406	-0.50325096985235
1.5340000391006	-0.45441335440452
1.5360000133514	-0.41849322774242
1.5379999876022	-0.40410132584368
1.5399999618530	-0.41973919410444
1.5420000553131	-0.47371012329755
1.5440000295639	-0.57416675200145
1.5460000038147	-0.72926306913020
1.5479999780655	-0.94743618843771
1.5499999523163	-1.2377626246889
1.5520000457764	-1.6104829671592
1.5540000200272	-2.0776948205757
1.5559999942780	-2.6543710758831
1.5579999685287	-3.3598775627463
1.5599999427795	-4.2204193824692
1.5620000362396	-5.2731959605810
1.5640000104904	-6.5740543511623
1.5659999847412	-8.2128996756093
1.5679999589920	-10.348746954992
1.5700000524521	-13.304122488477
1.5720000267029	-17.890079817920
1.5740000009537	-26.457116183445
1.5759999752045	-22.634168869443
1.5779999494553	-15.883892494159
1.5800000429153	-12.038858796516
1.5820000171661	-9.4238867532350
1.5839999914169	-7.4796984416195
1.5859999656677	-5.9627523156384
1.5880000591278	-4.7459983237091
1.5900000333786	-3.7548682874434
1.5920000076294	-2.9418158901271
1.5939999818802	-2.2745520213794
1.5959999561310	-1.7299882671637
1.5980000495911	-1.2908466790000
1.6000000238419	-0.94361769147679
1.6019999980927	-0.67725644295163
1.6039999723434	-0.48228592111416
1.6059999465942	-0.35015560688397
1.6080000400543	-0.27276151296215
1.6100000143051	-0.24207113953155
1.6119999885559	-0.24984909529224
1.6139999628067	-0.28747774600062
1.6160000562668	-0.34591108900052
1.6180000305176	-0.41577052619978
1.6200000047684	-0.48764167867966
1.6219999790192	-0.55254608820521
1.6239999532700	-0.60256803676874
1.6260000467300	-0.63153812906916
1.6280000209808	-0.63561375053725
1.6299999952316	-0.61362794360548
1.6319999694824	-0.56707858755559
1.6339999437332	-0.49977810931542
1.6360000371933	-0.41721881626783
1.6380000114441	-0.32582536807675
1.6399999856949	-0.23223547925627
1.6419999599457	-0.14268309219214
1.6440000534058	-0.062578178957765
1.6460000276566	0.0037633597460736
1.6480000019073	0.053257363200691
1.6499999761581	0.084089869377545
1.6519999504089	0.095698799580044
1.6540000438690	0.088719018168797
1.6560000181198	0.064908814784219
1.6579999923706	0.027033405733024
1.6599999666214	-0.021267948620118
1.6619999408722	-0.075683947420369
1.6640000343323	-0.13149003499044
1.6660000085831	-0.18386742850440
1.6679999828339	-0.22828897932126
1.6699999570847	-0.26091503582479
1.6720000505447	-0.27896196945448
1.6740000247955	-0.28098065367015
1.6759999990463	-0.26698716432572
1.6779999732971	-0.23841804715657
1.6799999475479	-0.19793198256890
1.6820000410080	-0.14908190567914
1.6840000152588	-0.095929778087374
1.6859999895096	-0.042646924781300
1.6879999637604	0.0068215297184129
1.6900000572205	0.049040803523426
1.6920000314713	0.081286205698456
1.6940000057220	0.10166916314748
1.6959999799728	0.10920188261087
1.6979999542236	0.10381774357992
1.7000000476837	0.086345908303358
1.7020000219345	0.058447940161856
1.7039999961853	0.022520007613967
1.7059999704361	-0.018465171007105
1.7079999446869	-0.061138418780189
1.7100000381470	-0.10198205488670
1.7120000123978	-0.13760999528331
1.7139999866486	-0.16505518402324
1.7159999608994	-0.18204882594479
1.7180000543594	-0.18723322300734
1.7200000286102	-0.18030064493371
1.7220000028610	-0.16200257716395
1.7239999771118	-0.13404936547370
1.7259999513626	-0.098921520685456
1.7280000448227	-0.059597365107809
1.7300000190735	-0.019280973068262
1.7319999933243	0.018885789620420
1.7339999675751	0.052056887575282
1.7359999418259	0.077873348398271
1.7380000352859	0.094602473398201
1.7400000095367	0.10122810482763
1.7419999837875	0.097479805006989
1.7439999580383	0.083848570387298
1.7460000514984	0.061531041683454
1.7480000257492	0.032370748164029
1.7500000000000	-0.0012790581003582
1.7519999742508	-0.036702732493558
1.7539999485016	-0.071018929987385
1.7560000419617	-0.10141359492429
1.7580000162125	-0.12537580452177
1.7599999904633	-0.14092756065356
1.7619999647141	-0.14681276285802
1.7640000581741	-0.14261325368919
1.7660000324249	-0.12878829729039
1.7680000066757	-0.10661269398738
1.7699999809265	-0.078039476648304
1.7719999551773	-0.045498129436062
1.7740000486374	-0.011666122121970
1.7760000228882	0.020763643448485
1.7779999971390	0.049301144776221
1.7799999713898	0.071827040269275
1.7819999456406	0.086735024960696
1.7840000391006	0.093023076218155
1.7860000133514	0.090342775551545
1.7879999876022	0.079009680693954
1.7899999618530	0.059980893514059
1.7920000553131	0.034786584613946
1.7940000295639	0.0054357821982282
1.7960000038147	-0.025720577093877
1.7979999780655	-0.056168672451567
1.7999999523163	-0.083420947888793
1.8020000457764	-0.10523125732382
1.8040000200272	-0.11979684148265
1.8059999942780	-0.12592369902820
1.8079999685287	-0.12314592902538
1.8099999427795	-0.11176347322580
1.8120000362396	-0.092809677826620
1.8140000104904	-0.067937163675326
1.8159999847412	-0.039254960716756
1.8179999589920	-0.0091307519137352
1.8200000524521	0.020015213416078
1.8220000267029	0.045908555146415
1.8240000009537	0.066581066675089
1.8259999752045	0.080511991985502
1.8279999494553	0.086708834575802
1.8300000429153	0.084776239036843
1.8320000171661	0.074923691576957
1.8339999914169	0.057957072653174
1.8359999656677	0.035217869296438
1.8380000591278	0.0085014076374572
1.8400000333786	-0.020069474805612
1.8420000076294	-0.048200414615715
1.8439999818802	-0.073601727805118
1.8459999561310	-0.094183131368483
1.8480000495911	-0.10823996273962
1.8500000238419	-0.11461009127280
1.8519999980927	-0.11278790720270
1.8539999723434	-0.10296932277983
1.8559999465942	-0.086030943419697
1.8580000400543	-0.063436459949947
1.8600000143051	-0.037094595718234
1.8619999885559	-0.0091811441202853
1.8639999628067	0.018051554166410
1.8660000562668	0.042458491709479
1.8680000305176	0.062158402856998
1.8700000047684	0.075670454923379
1.8719999790192	0.082000448860186
1.8739999532700	0.080705257984938
1.8760000467300	0.071920956357681
1.8780000209808	0.056338028638637
1.8799999952316	0.035171871359230
1.8819999694824	0.010074884320326
1.8839999437332	-0.016977095312888
1.8860000371933	-0.043822169622189
1.8880000114441	-0.068286437929609
1.8899999856949	-0.088361533363324
1.8919999599457	-0.10238574908830
1.8940000534058	-0.10919137269857
1.8960000276566	-0.10822469864197
1.8980000019073	-0.099593218958926
1.8999999761581	-0.084053522489033
1.9019999504089	-0.062938892663380
1.9040000438690	-0.038023562044996
1.9060000181198	-0.011362824968824
1.9079999923706	0.014888294912348
1.9099999666214	0.038648768329821
1.9119999408722	0.058076158584063
1.9140000343323	0.071685104334506
1.9160000085831	0.078451946727934
1.9179999828339	0.077880895854710
1.9199999570847	0.070022778564521
1.9220000505447	0.055479382447094
1.9240000247955	0.035359226906479
1.9259999990463	0.011212567768710
1.9279999732971	-0.015078346548113
1.9299999475479	-0.041433532470971
1.9320000410080	-0.065731318790473
1.9340000152588	-0.085988061472196
1.9359999895096	-0.10052919282799
1.9379999637604	-0.10814225326305
1.9400000572205	-0.10819361092475
1.9420000314713	-0.10069295246541
1.9440000057220	-0.086286515862575
1.9459999799728	-0.066195666707940
1.9479999542236	-0.042101098348688
1.9500000476837	-0.015983099947045
1.9520000219345	0.010049002880648
1.9539999961853	0.033927454174743
1.9559999704361	0.053790096904676
1.9579999446869	0.068106526720130
1.9600000381470	0.075785811251050
1.9620000123978	0.076238441144751
1.9639999866486	0.069417352283762
1.9659999608994	0.055819157197912
1.9680000543594	0.036455836085944
1.9700000286102	0.012785582582332
1.9720000028610	-0.013375378820190
1.9739999771118	-0.039986014035805
1.9759999513626	-0.064929192052304
1.9780000448227	-0.086187605333194
1.9800000190735	-0.10201412888805
1.9819999933243	-0.11109069178058
1.9839999675751	-0.11265329642808
1.9859999418259	-0.10657096740745
1.9880000352859	-0.093355027142600
1.9900000095367	-0.074111466934459
1.9919999837875	-0.050435163331082
1.9939999580383	-0.024262148067443
1.9960000514984	0.0022988469842289
1.9980000257492	0.027142156526215
2.0000000000000	0.048326587159147