#Parameters = {e=0.035; h=1.6; l=29.9; ls=80; w=43.8; w0=1.58; w1=3; ws=88; y0=10; y1=22}
#"Frequency / GHz"	"S1,1 (2) [Magnitude]"
#----------------------------------------
0.0000000000000	-0.039184868461918
0.0020000000949949	-0.037955617045317
0.0040000001899898	-0.034350475325293
0.0060000000521541	-0.028624537246434
0.0080000003799796	-0.021173353497158
0.0099999997764826	-0.012511188742419
0.012000000104308	-0.0032281613499045
0.014000000432134	0.0060496956885982
0.016000000759959	0.014709174299897
0.017999999225140	0.022189040140753
0.019999999552965	0.028019580852086
0.021999999880791	0.031850530045735
0.024000000208616	0.033476123553044
0.026000000536442	0.032840256808085
0.028000000864267	0.030048011771724
0.029999999329448	0.025343117150359
0.032000001519918	0.019096510836961
0.034000001847744	0.011786351645297
0.035999998450279	0.0039465986319839
0.037999998778105	-0.0038560909167684
0.039999999105930	-0.011075192950455
0.041999999433756	-0.017212975322406
0.043999999761581	-0.021864962538816
0.046000000089407	-0.024744974983395
0.048000000417233	-0.025702224426852
0.050000000745058	-0.024736423560511
0.052000001072884	-0.021989226294820
0.054000001400709	-0.017727836723191
0.056000001728535	-0.012327407558311
0.057999998331070	-0.0062330543486161
0.059999998658895	7.3124322731883e-05
0.061999998986721	0.0061097458450662
0.064000003039837	0.011432975642200
0.065999999642372	0.015668131235110
0.068000003695488	0.018535738337678
0.070000000298023	0.019868247034787
0.071999996900558	0.019616396995529
0.074000000953674	0.017855076769644
0.075999997556210	0.014770707509790
0.078000001609325	0.010645907743320
0.079999998211861	0.0058334740998458
0.082000002264977	0.00072727922141517
0.083999998867512	-0.0042593388862988
0.086000002920628	-0.0087395660926759
0.087999999523163	-0.012377341752367
0.090000003576279	-0.014908525945559
0.092000000178814	-0.016164644408358
0.093999996781349	-0.016085143978123
0.096000000834465	-0.014716854395742
0.097999997437000	-0.012208304490473
0.10000000149012	-0.0087965817372474
0.10199999809265	-0.0047816361102217
0.10400000214577	-0.00050592817813215
0.10599999874830	0.0036815663876038
0.10800000280142	0.0074463396600906
0.10999999940395	0.010497047150405
0.11200000345707	0.012609706715994
0.11400000005960	0.013639967331687
0.11599999666214	0.013532985882605
0.11800000071526	0.012327890174841
0.11999999731779	0.010151296770344
0.12200000137091	0.0072035767151586
0.12399999797344	0.0037420318616973
0.12600000202656	6.2322761890041e-05
0.12800000607967	-0.0035329323104669
0.12999999523163	-0.0067478349170544
0.13199999928474	-0.0093291874257637
0.13400000333786	-0.011078023728352
0.13600000739098	-0.011871096012770
0.13799999654293	-0.011662420291900
0.14000000059605	-0.010493155015845
0.14200000464916	-0.0084812281510231
0.14399999380112	-0.0058126359790250
0.14599999785423	-0.0027224351603595
0.14800000190735	0.00052553300900449
0.15000000596046	0.0036590650224883
0.15199999511242	0.0064228555798256
0.15399999916553	0.0085940158368703
0.15600000321865	0.010007654422464
0.15800000727177	0.010563223986411
0.15999999642372	0.010229514321080
0.16200000047684	0.0090529177151246
0.16400000452995	0.0071456149194828
0.16599999368191	0.0046794880991491
0.16799999773502	0.0018687248150065
0.17000000178814	-0.0010469986653608
0.17200000584126	-0.0038239100435740
0.17399999499321	-0.0062308978510773
0.17599999904633	-0.0080755666562153
0.17800000309944	-0.0092121280461409
0.18000000715256	-0.0095566308242069
0.18199999630451	-0.0090949700291696
0.18400000035763	-0.0078792358825391
0.18600000441074	-0.0060227763971938
0.18799999356270	-0.0036945983111933
0.18999999761581	-0.0010943445469200
0.19200000166893	0.0015540019931335
0.19400000572205	0.0040283790298063
0.19599999487400	0.0061232408638038
0.19799999892712	0.0076719047435719
0.20000000298023	0.0085510733225654
0.20200000703335	0.0086989241851216
0.20399999618530	0.0081118802462145
0.20600000023842	0.0068521360098865
0.20800000429153	0.0050321482527289
0.20999999344349	0.0028114068021212
0.21199999749660	0.00038385804405186
0.21400000154972	-0.0020470126357634
0.21600000560284	-0.0042743495148978
0.21799999475479	-0.0061125467036151
0.21999999880791	-0.0074132787113049
0.22200000286102	-0.0080733655364433
0.22400000691414	-0.0080447509330229
0.22599999606609	-0.0073392939460270
0.22800000011921	-0.0060241852696572
0.23000000417233	-0.0042173486624344
0.23199999332428	-0.0020797313606022
0.23399999737740	0.00020615313436943
0.23600000143051	0.0024444590587407
0.23800000548363	0.0044486849946112
0.23999999463558	0.0060495197479812
0.24199999868870	0.0071193638763326
0.24400000274181	0.0075745471410701
0.24600000679493	0.0073830577062628
0.24799999594688	0.0065662559113574
0.25000000000000	0.0051999941001160
0.25200000405312	0.0034066747728378
0.25400000810623	0.0013403774880510
0.25600001215935	-0.00082107179884499
0.25799998641014	-0.0028952142673267
0.25999999046326	-0.0047064720759499
0.26199999451637	-0.0061034275366392
0.26399999856949	-0.0069734973363715
0.26600000262260	-0.0072447435230934
0.26800000667572	-0.0069002070474325
0.27000001072884	-0.0059774049354748
0.27200001478195	-0.0045578335752456
0.27399998903275	-0.0027684917112190
0.27599999308586	-0.00076295884754142
0.27799999713898	0.0012873455817842
0.28000000119209	0.0032070146823261
0.28200000524521	0.0048361280539036
0.28400000929832	0.0060359859212320
0.28600001335144	0.0067107747523621
0.28799998760223	0.0068093205372162
0.28999999165535	0.0063263648111507
0.29199999570847	0.0053059760566568
0.29399999976158	0.0038394639158773
0.29600000381470	0.0020546404687201
0.29800000786781	0.00010488389315777
0.30000001192093	-0.0018442084907727
0.30199998617172	-0.0036274355209017
0.30399999022484	-0.0050921607583574
0.30599999427795	-0.0061168884433126
0.30799999833107	-0.0066192081347888
0.31000000238419	-0.0065571493162310
0.31200000643730	-0.0059410150574301
0.31400001049042	-0.0048271591834643
0.31600001454353	-0.0033136448665022
0.31799998879433	-0.0015311656328182
0.31999999284744	0.00036390928620213
0.32199999690056	0.0022129575784575
0.32400000095367	0.0038572876200771
0.32600000500679	0.0051603185393030
0.32800000905991	0.0060120169784222
0.33000001311302	0.0063419975123208
0.33199998736382	0.0061266405097584
0.33399999141693	0.0053862795080337
0.33599999547005	0.0041876619097214
0.33799999952316	0.0026332301783204
0.34000000357628	0.00085680794534748
0.34200000762939	-0.00098984780953712
0.34400001168251	-0.0027469603985521
0.34599998593330	-0.0042685130644177
0.34799998998642	-0.0054229433387138
0.34999999403954	-0.0061159527620226
0.35199999809265	-0.0062878466680374
0.35400000214577	-0.0059293992341390
0.35600000619888	-0.0050715694130019
0.35800001025200	-0.0037915059605922
0.36000001430511	-0.0021989072446960
0.36199998855591	-0.00043261571623378
0.36399999260902	0.0013573006289016
0.36599999666214	0.0030167417803040
0.36800000071526	0.0044068016168879
0.37000000476837	0.0054082582920042
0.37200000882149	0.0059377158891283
0.37400001287460	0.0059535360173167
0.37599998712540	0.0054540000802148
0.37799999117851	0.0044841921390067
0.37999999523163	0.0031273893746546
0.38199999928474	0.0014999408004851
0.38400000333786	-0.00025679047191999
0.38600000739098	-0.0019959415096178
0.38800001144409	-0.0035677612149319
0.38999998569489	-0.0048384515953475
0.39199998974800	-0.0057009683603184
0.39399999380112	-0.0060825242341706
0.39599999785423	-0.0059517603676877
0.39800000190735	-0.0053213801427955
0.40000000596046	-0.0042471000987956
0.40200001001358	-0.0028226356625748
0.40400001406670	-0.0011692600619849
0.40599998831749	0.00056939085462364
0.40799999237061	0.0022443800873330
0.40999999642372	0.0037152358558643
0.41200000047684	0.0048535879814966
0.41400000452995	0.0055669219274735
0.41600000858307	0.0057912238687570
0.41800001263618	0.0055106009114946
0.41999998688698	0.0047492852049659
0.42199999094009	0.0035722414325283
0.42399999499321	0.0020811770221043
0.42599999904633	0.00040137876643617
0.42800000309944	-0.0013216731486427
0.43000000715256	-0.0029419197868856
0.43200001120567	-0.0043216309204336
0.43399998545647	-0.0053418372810713
0.43599998950958	-0.0059179565520126
0.43799999356270	-0.0059992241856490
0.43999999761581	-0.0055791732005484
0.44200000166893	-0.0046973796753183
0.44400000572205	-0.0034279121156380
0.44600000977516	-0.0018801821132868
0.44800001382828	-0.00018766207377917
0.44999998807907	0.0015045041853653
0.45199999213219	0.0030520565632548
0.45399999618530	0.0043242483888568
0.45600000023842	0.0052104563580714
0.45800000429153	0.0056356079629221
0.46000000834465	0.0055645374186181
0.46200001239777	0.0050007720174228
0.46399998664856	0.0039968840320246
0.46599999070168	0.0026345624973380
0.46799999475479	0.0010308899129755
0.46999999880791	-0.00067823688744494
0.47200000286102	-0.0023456974892110
0.47400000691414	-0.0038306612086025
0.47600001096725	-0.0050036937992366
0.47799998521805	-0.0057668353345431
0.47999998927116	-0.0060542240538815
0.48199999332428	-0.0058405600643233
0.48399999737740	-0.0051456249451565
0.48600000143051	-0.0040278680519702
0.48800000548363	-0.0025840223959629
0.49000000953674	-0.00093680908206814
0.49200001358986	0.00077083662536022
0.49399998784065	0.0023954966622148
0.49599999189377	0.0037958573446990
0.49799999594688	0.0048519477602076
0.50000000000000	0.0054764459340082
0.50199997425079	0.0056118340890356
0.50400000810623	0.0052475724570373
0.50599998235703	0.0044139242283437
0.50800001621246	0.0031814415396689
0.50999999046326	0.0016543973811651
0.51200002431870	-3.8401582825029e-05
0.51399999856949	-0.0017512220786648
0.51599997282028	-0.0033393789693169
0.51800000667572	-0.0046660203809856
0.51999998092651	-0.0056172902278754
0.52200001478195	-0.0061121330867594
0.52399998903275	-0.0061080748116010
0.52600002288818	-0.0056037496293695
0.52799999713898	-0.0046419718226369
0.52999997138977	-0.0033067147012948
0.53200000524521	-0.0017107631005973
0.53399997949600	9.2876779331892e-06
0.53600001335144	0.0017073907846868
0.53799998760223	0.0032361421894301
0.54000002145767	0.0044647737528161
0.54199999570847	0.0052890340065965
0.54400002956390	0.0056348816208956
0.54600000381470	0.0054743440813166
0.54799997806549	0.0048195012671265
0.55000001192093	0.0037236763250831
0.55199998617172	0.0022779972711294
0.55400002002716	0.00060734571716204
0.55599999427795	-0.0011479965905111
0.55800002813339	-0.0028375418617259
0.56000000238419	-0.0043186598884167
0.56199997663498	-0.0054634830049820
0.56400001049042	-0.0061730262224521
0.56599998474121	-0.0063853800821113
0.56800001859665	-0.0060833629535835
0.56999999284744	-0.0052900587095636
0.57200002670288	-0.0040730925963812
0.57400000095367	-0.0025367868500567
0.57599997520447	-0.00081121831070079
0.57800000905991	0.00095545692211035
0.57999998331070	0.0026119006670007
0.58200001716614	0.0040154316327636
0.58399999141693	0.0050460141514552
0.58600002527237	0.0056155608916292
0.58799999952316	0.0056711742990909
0.58999997377396	0.0052072385254885
0.59200000762939	0.0042629656202351
0.59399998188019	0.0029140061167036
0.59600001573563	0.0012745530642222
0.59799998998642	-0.00051554133790164
0.60000002384186	-0.0023059284218725
0.60199999809265	-0.0039438111168213
0.60399997234344	-0.0052882865504663
0.60600000619888	-0.0062230069784708
0.60799998044968	-0.0066683884271821
0.61000001430511	-0.0065838931407241
0.61199998855591	-0.0059762298539251
0.61400002241135	-0.0048963662865420
0.61599999666214	-0.0034340669735484
0.61799997091293	-0.0017151720647966
0.62000000476837	0.00011358004013310
0.62199997901917	0.0018974529259558
0.62400001287460	0.0034810286793439
0.62599998712540	0.0047302759673618
0.62800002098083	0.0055360659140401
0.62999999523163	0.0058274462696921
0.63200002908707	0.0055767468858310
0.63400000333786	0.0048038601370991
0.63599997758865	0.0035713683028586
0.63800001144409	0.0019809219340329
0.63999998569489	0.00016739229921306
0.64200001955032	-0.0017164480522443
0.64399999380112	-0.0035111293081427
0.64600002765656	-0.0050627190010320
0.64800000190735	-0.0062373747427104
0.64999997615814	-0.0069345496574843
0.65200001001358	-0.0070911678218773
0.65399998426437	-0.0066944654384301
0.65600001811981	-0.0057744477551050
0.65799999237061	-0.0044088981218438
0.66000002622604	-0.0027134835077185
0.66200000047684	-0.00083323614055614
0.66399997472763	0.0010732609546654
0.66600000858307	0.0028422846712552
0.66799998283386	0.0043214862956623
0.67000001668930	0.0053836151588065
0.67199999094009	0.0059339510714504
0.67400002479553	0.0059244047268073
0.67599999904633	0.0053521346115342
0.67799997329712	0.0042625721069036
0.68000000715256	0.0027450738792245
0.68199998140335	0.00092594790016878
0.68400001525879	-0.0010419348057952
0.68599998950958	-0.0029911316503977
0.68800002336502	-0.0047575534492194
0.68999999761581	-0.0061884357027643
0.69199997186661	-0.0071601770824996
0.69400000572205	-0.0075901481240111
0.69599997997284	-0.0074358513034745
0.69800001382828	-0.0067094426652079
0.69999998807907	-0.0054708600586316
0.70200002193451	-0.0038252359495246
0.70399999618530	-0.0019109551064138
0.70599997043610	0.00011029512642202
0.70800000429153	0.0020652910293639
0.70999997854233	0.0037855118415699
0.71200001239777	0.0051238050422991
0.71399998664856	0.0059633545819888
0.71600002050400	0.0062284435256015
0.71799999475479	0.0058960016352888
0.72000002861023	0.0049847351544569
0.72200000286102	0.0035740390276279
0.72399997711182	0.0017742523838011
0.72600001096725	-0.00026093347267743
0.72799998521805	-0.0023601865812154
0.73000001907349	-0.0043466892220815
0.73199999332428	-0.0060519873478315
0.73400002717972	-0.0073281537194872
0.73600000143051	-0.0080641015352036
0.73799997568130	-0.0081930323470957
0.74000000953674	-0.0077052375079939
0.74199998378754	-0.0066349102530669
0.74400001764297	-0.0050743681794734
0.74599999189377	-0.0031531847557012
0.74800002574921	-0.0010334879217893
0.75000000000000	0.0011034664387986
0.75199997425079	0.0030756520277488
0.75400000810623	0.0047126275293541
0.75599998235703	0.0058735017285449
0.75800001621246	0.0064554015741073
0.75999999046326	0.0064063425124004
0.76200002431870	0.0057224851418789
0.76399999856949	0.0044588585696482
0.76599997282028	0.0027187247115062
0.76800000667572	0.00064165704465402
0.76999998092651	-0.0015943090761425
0.77200001478195	-0.0038036234974789
0.77399998903275	-0.0057983216701889
0.77600002288818	-0.0074072997351761
0.77799999713898	-0.0084915515976071
0.77999997138977	-0.0089564791739434
0.78200000524521	-0.0087591061903728
0.78399997949600	-0.0079112496065921
0.78600001335144	-0.0064850518631459
0.78799998760223	-0.0045956069139920
0.79000002145767	-0.0024039605884300
0.79199999570847	-9.5620069046161e-05
0.79400002956390	0.0021336262202677
0.79600000381470	0.0040916560516792
0.79799997806549	0.0056124375250709
0.80000001192093	0.0065586396168188
0.80199998617172	0.0068491743265778
0.80400002002716	0.0064521355597414
0.80599999427795	0.0053950568499819
0.80800002813339	0.0037608392319738
0.81000000238419	0.0016841986153210
0.81199997663498	-0.00066530397999173
0.81400001049042	-0.0030898058506518
0.81599998474121	-0.0053854874917170
0.81800001859665	-0.0073576522536637
0.81999999284744	-0.0088373921439015
0.82200002670288	-0.0096944103893862
0.82400000095367	-0.0098534347413858
0.82599997520447	-0.0092958869572067
0.82800000905991	-0.0080654791262576
0.82999998331070	-0.0062641865704621
0.83200001716614	-0.0040407324026057
0.83399999141693	-0.0015838464335746
0.83600002527237	0.00089968583241022
0.83799999952316	0.0031975241024314
0.83999997377396	0.0051131305486838
0.84200000762939	0.0064799184882237
0.84399998188019	0.0071775566803489
0.84600001573563	0.0071392206915542
0.84799998998642	0.0063634562136400
0.85000002384186	0.0049061736839477
0.85199999809265	0.0028847747341504
0.85399997234344	0.00046364227194490
0.85600000619888	-0.0021559931665146
0.85799998044968	-0.0047569657401776
0.86000001430511	-0.0071180879869806
0.86199998855591	-0.0090393225389113
0.86400002241135	-0.010355402450386
0.86599999666214	-0.010949012922670
0.86799997091293	-0.010766714024283
0.87000000476837	-0.0098173844504237
0.87199997901917	-0.0081785314225279
0.87400001287460	-0.0059842903717027
0.87599998712540	-0.0034185071865909
0.87800002098083	-0.00069681935444643
0.87999999523163	0.0019509505019284
0.88200002908707	0.0042957162516373
0.88400000333786	0.0061403028197353
0.88599997758865	0.0073206976421067
0.88800001144409	0.0077305622622617
0.88999998569489	0.0073290053390211
0.89200001955032	0.0061380971173993
0.89399999380112	0.0042524430243526
0.89600002765656	0.0018225011777349
0.89800000190735	-0.00095609212840690
0.89999997615814	-0.0038500676664190
0.90200001001358	-0.0066198147764658
0.90399998426437	-0.0090293470560875
0.90600001811981	-0.010874603616777
0.90799999237061	-0.011994076101678
0.91000002622604	-0.012290473265497
0.91200000047684	-0.011729677532424
0.91399997472763	-0.010355203622796
0.91600000858307	-0.0082776848795466
0.91799998283386	-0.0056695424450751
0.92000001668930	-0.0027472710827671
0.92199999094009	0.00024189590761050
0.92400002479553	0.0030448045772441
0.92599999904633	0.0054215999763493
0.92799997329712	0.0071685063493818
0.93000000715256	0.0081291443796841
0.93199998140335	0.0082142846133020
0.93400001525879	0.0074067692981756
0.93599998950958	0.0057655561092480
0.93800002336502	0.0034151751062010
0.93999999761581	0.00054510978309732
0.94199997186661	-0.0026094938815190
0.94400000572205	-0.0057882015886976
0.94599997997284	-0.0087262178979015
0.94800001382828	-0.011174103507970
0.94999998807907	-0.012922691643536
0.95200002193451	-0.013819211260767
0.95399999618530	-0.013781099542331
0.95599997043610	-0.012805422660872
0.95800000429153	-0.010968004913523
0.95999997854233	-0.0084167454901540
0.96200001239777	-0.0053650113420527
0.96399998664856	-0.0020666140641217
0.96600002050400	0.0012017294461484
0.96799999475479	0.0041612134344135
0.97000002861023	0.0065577429338007
0.97200000286102	0.0081846584081421
0.97399997711182	0.0088950704508848
0.97600001096725	0.0086166310152835
0.97799998521805	0.0073607648669165
0.98000001907349	0.0052197951466644
0.98199999332428	0.0023614445224080
0.98400002717972	-0.00098664788166125
0.98600000143051	-0.0045514980578785
0.98799997568130	-0.0080386090688342
0.99000000953674	-0.011156535076756
0.99199998378754	-0.013640621243646
0.99400001764297	-0.015279523783519
0.99599999189377	-0.015926594583501
0.99800002574921	-0.015520099789166
1.0000000000000	-0.014086436913181
1.0019999742508	-0.011738902103274
1.0039999485016	-0.0086704946853211
1.0060000419617	-0.0051323293591188
1.0080000162125	-0.0014225632530461
1.0099999904633	0.0021484863356832
1.0119999647141	0.0052757729338890
1.0140000581741	0.0076919175656283
1.0160000324249	0.0091826947216573
1.0180000066757	0.0096121910590356
1.0199999809265	0.0089282385845572
1.0219999551773	0.0071732087575407
1.0240000486374	0.0044780973004790
1.0260000228882	0.0010521253510535
1.0279999971390	-0.0028311594338853
1.0299999713898	-0.0068555620045490
1.0319999456406	-0.010690558946817
1.0340000391006	-0.014014687562740
1.0360000133514	-0.016546054782711
1.0379999876022	-0.018066133357168
1.0399999618530	-0.018441344724601
1.0420000553131	-0.017628755943575
1.0440000295639	-0.015687513906668
1.0460000038147	-0.012773024522080
1.0479999780655	-0.0091222138096003
1.0499999523163	-0.0050391663890854
1.0520000457764	-0.00086225763721985
1.0540000200272	0.0030539287943565
1.0559999942780	0.0063762433681689
1.0579999685287	0.0088211266442920
1.0599999427795	0.010167019269427
1.0620000362396	0.010288206817491
1.0640000104904	0.0091536582558515
1.0659999847412	0.0068376608133969
1.0679999589920	0.0035131543834270
1.0700000524521	-0.00055980466559626
1.0720000267029	-0.0050592755099859
1.0740000009537	-0.0096176943812118
1.0759999752045	-0.013863530234122
1.0779999494553	-0.017439857077305
1.0800000429153	-0.020044301753672
1.0820000171661	-0.021450996294775
1.0839999914169	-0.021532805376951
1.0859999656677	-0.020269185377339
1.0880000591278	-0.017757382360119
1.0900000333786	-0.014197866758515
1.0920000076294	-0.0098817302867533
1.0939999818802	-0.0051642575610774
1.0959999561310	-0.00044189258188623
1.0980000495911	0.0038896040862598
1.1000000238419	0.0074591179950043
1.1019999980927	0.0099570956374887
1.1039999723434	0.011157434871169
1.1059999465942	0.010939437935316
1.1080000400543	0.0092967384740243
1.1100000143051	0.0063390070147261
1.1119999885559	0.0022880032935915
1.1139999628067	-0.0025455453519525
1.1160000562668	-0.0077744021510293
1.1180000305176	-0.012980437912858
1.1200000047684	-0.017733073578636
1.1219999790192	-0.021637687787767
1.1239999532700	-0.024362653197702
1.1260000467300	-0.025667998048473
1.1280000209808	-0.025435380917750
1.1299999952316	-0.023668494233896
1.1319999694824	-0.020502353449296
1.1339999437332	-0.016190985668608
1.1360000371933	-0.011087262332086
1.1380000114441	-0.0056107634297670
1.1399999856949	-0.00022283560310932
1.1419999599457	0.0046255902046299
1.1440000534058	0.0085183056762248
1.1460000276566	0.011113699778778
1.1480000019073	0.012175161559904
1.1499999761581	0.011584210549369
1.1519999504089	0.0093578373263492
1.1540000438690	0.0056481279623332
1.1560000181198	0.00072956520951184
1.1579999923706	-0.0050206965161431
1.1599999666214	-0.011147529899540
1.1619999408722	-0.017159296247333
1.1640000343323	-0.022562036072784
1.1660000085831	-0.026906167792970
1.1679999828339	-0.029822220701300
1.1699999570847	-0.031054149962249
1.1720000505447	-0.030481420627256
1.1740000247955	-0.028136074051908
1.1759999990463	-0.024199407837637
1.1779999732971	-0.018985912596779
1.1799999475479	-0.012920066439272
1.1820000410080	-0.0065049728470722
1.1840000152588	-0.00027717026970825
1.1859999895096	0.0052391401592840
1.1879999637604	0.0095691568194524
1.1900000572205	0.012330046170588
1.1920000314713	0.013262417430028
1.1940000057220	0.012251744785231
1.1959999799728	0.0093374246938937
1.1979999542236	0.0047176665698376
1.2000000476837	-0.0012673141247440
1.2020000219345	-0.0081623170725046
1.2039999961853	-0.015426284767532
1.2059999704361	-0.022474866186683
1.2079999446869	-0.028732965364880
1.2100000381470	-0.033678712456551
1.2120000123978	-0.036888832634863
1.2139999866486	-0.038079292752964
1.2159999608994	-0.037129718277134
1.2180000543594	-0.034097855273074
1.2200000286102	-0.029216225582463
1.2220000028610	-0.022877437645202
1.2239999771118	-0.015598269377056
1.2259999513626	-0.0079814460848113
1.2280000448227	-0.00066274236145346
1.2300000190735	0.0057368882435156
1.2319999933243	0.010666351824672
1.2339999675751	0.013684717563035
1.2359999418259	0.014500156716057
1.2380000352859	0.012994783206760
1.2400000095367	0.0092351627684705
1.2419999837875	0.0034729390968143
1.2439999580383	-0.0038736740681187
1.2460000514984	-0.012249056090207
1.2480000257492	-0.020998201842790
1.2500000000000	-0.029421919840242
1.2519999742508	-0.036832059967362
1.2539999485016	-0.042609977239754
1.2560000419617	-0.046258512337234
1.2580000162125	-0.047449384517279
1.2599999904633	-0.046056256670342
1.2619999647141	-0.042167267851116
1.2640000581741	-0.036080540850436
1.2660000324249	-0.028286229119581
1.2680000066757	-0.019418820783558
1.2699999809265	-0.010213251737881
1.2719999551773	-0.0014407534899290
1.2740000486374	0.0061524477052902
1.2760000228882	0.011907952939564
1.2779999971390	0.015302338365627
1.2799999713898	0.015999385052865
1.2819999456406	0.013868750699908
1.2840000391006	0.0090093403497099
1.2860000133514	0.0017374604490970
1.2879999876022	-0.0074255912103613
1.2899999618530	-0.017792540462719
1.2920000553131	-0.028558199053857
1.2940000295639	-0.038866691868688
1.2960000038147	-0.047872733288852
1.2979999780655	-0.054822722264678
1.2999999523163	-0.059112625422000
1.3020000457764	-0.060352778449330
1.3040000200272	-0.058400451537686
1.3059999942780	-0.053381783594572
1.3079999685287	-0.045681420853172
1.3099999427795	-0.035916572626085
1.3120000362396	-0.024889151621318
1.3140000104904	-0.013513390008072
1.3159999847412	-0.0027467232233834
1.3179999589920	0.0064890381259430
1.3200000524521	0.013385580037549
1.3220000267029	0.017304855779455
1.3240000009537	0.017838777046366
1.3259999752045	0.014842196658943
1.3279999494553	0.0084449177502681
1.3300000429153	-0.00094213060057854
1.3320000171661	-0.012662051372907
1.3339999914169	-0.025845178809483
1.3359999656677	-0.039477114712483
1.3380000591278	-0.052477380311765
1.3400000333786	-0.063778788126367
1.3420000076294	-0.072429087243695
1.3439999818802	-0.077671214041501
1.3459999561310	-0.079015833338168
1.3480000495911	-0.076298734629846
1.3500000238419	-0.069690544150474
1.3519999980927	-0.059704310723410
1.3539999723434	-0.047142962141724
1.3559999465942	-0.033039594795951
1.3580000400543	-0.018575717180675
1.3600000143051	-0.0049747462201525
1.3619999885559	0.0065880386833638
1.3639999628067	0.015080753286855
1.3660000562668	0.019699189225791
1.3680000305176	0.019929504395830
1.3700000047684	0.015592047684187
1.3719999790192	0.0068693266749888
1.3739999532700	-0.0057090937636254
1.3760000467300	-0.021279214947815
1.3780000209808	-0.038714143993005
1.3799999952316	-0.056686024793273
1.3819999694824	-0.073773289961481
1.3839999437332	-0.088579574959110
1.3860000371933	-0.099845548549650
1.3880000114441	-0.10657340774887
1.3899999856949	-0.10812139322276
1.3919999599457	-0.10427980105958
1.3940000534058	-0.095295402334064
1.3960000276566	-0.081866690279762
1.3980000019073	-0.065087742182586
1.3999999761581	-0.046352647926801
1.4019999504089	-0.027246559348023
1.4040000438690	-0.0094122378127669
1.4060000181198	0.0055806044763423
1.4079999923706	0.016360174759257
1.4099999666214	0.021855370404749
1.4119999408722	0.021384270396156
1.4140000343323	0.014710757958534
1.4160000085831	0.0020738166600838
1.4179999828339	-0.015807790072336
1.4199999570847	-0.037768549928642
1.4220000505447	-0.062269621182774
1.4240000247955	-0.087485522353218
1.4259999990463	-0.11145036971696
1.4279999732971	-0.13220867192216
1.4299999475479	-0.14798841064096
1.4320000410080	-0.15737555637668
1.4340000152588	-0.15946186725472
1.4359999895096	-0.15394688994630
1.4379999637604	-0.14119766732952
1.4400000572205	-0.12222473410527
1.4420000314713	-0.098607131289008
1.4440000057220	-0.072360275553835
1.4459999799728	-0.045759968933553
1.4479999542236	-0.021160427230422
1.4500000476837	-0.00080816836254199
1.4520000219345	0.013329537329618
1.4539999961853	0.019707054229699
1.4559999704361	0.017325324103962
1.4579999446869	0.0058053678007040
1.4600000381470	-0.014552600154561
1.4620000123978	-0.042759991481813
1.4639999866486	-0.077167587649417
1.4659999608994	-0.11553461082426
1.4680000543594	-0.15516361725092
1.4700000286102	-0.19307651763384
1.4720000028610	-0.22624996358349
1.4739999771118	-0.25189140255427
1.4759999513626	-0.26771845246795
1.4780000448227	-0.27222508931485
1.4800000190735	-0.26487500312599
1.4819999933243	-0.24621018437300
1.4839999675751	-0.21782895924135
1.4859999418259	-0.18226677798777
1.4880000352859	-0.14276843409627
1.4900000095367	-0.10301580511216
1.4919999837875	-0.066827950221751
1.4939999580383	-0.037872806775951
1.4960000514984	-0.019416821063927
1.4980000257492	-0.014105784551788
1.5000000000000	-0.023800139682261
1.5019999742508	-0.049436422087110
1.5039999485016	-0.090923123332377
1.5060000419617	-0.14707343096907
1.5080000162125	-0.21557136425295
1.5099999904633	-0.29299458199147
1.5119999647141	-0.37492232600815
1.5140000581741	-0.45615191775257
1.5160000324249	-0.53105270244866
1.5180000066757	-0.59406039705462
1.5199999809265	-0.64029378724174
1.5219999551773	-0.66620287084673
1.5240000486374	-0.67014034666114
1.5260000228882	-0.65275364918188
1.5279999971390	-0.61708350665039
1.5299999713898	-0.56837467800475
1.5319999456406	-0.51364724695945
1.5340000391006	-0.46114887726497
1.5360000133514	-0.41980215389039
1.5379999876022	-0.39875268244226
1.5399999618530	-0.40707291182263
1.5420000553131	-0.45362730754039
1.5440000295639	-0.54708809958710
1.5460000038147	-0.69610330315531
1.5479999780655	-0.90955827969830
1.5499999523163	-1.1969824067174
1.5520000457764	-1.5690847420884
1.5540000200272	-2.0385153879816
1.5559999942780	-2.6209422349898
1.5579999685287	-3.3367054066704
1.5599999427795	-4.2134682802578
1.5620000362396	-5.2908111541946
1.5640000104904	-6.6287780256483
1.5659999847412	-8.3255123631205
1.5679999589920	-10.558677464884
1.5700000524521	-13.703408512923
1.5720000267029	-18.788867726768
1.5740000009537	-29.528133240558
1.5759999752045	-21.567859361885
1.5779999494553	-15.138582434737
1.5800000429153	-11.478544051155
1.5820000171661	-8.9681682558920
1.5839999914169	-7.0930677187050
1.5859999656677	-5.6273114876352
1.5880000591278	-4.4518339224039
1.5900000333786	-3.4961573267082
1.5920000076294	-2.7150112437350
1.5939999818802	-2.0774433708614
1.5959999561310	-1.5611609679987
1.5980000495911	-1.1493490736076
1.6000000238419	-0.82871846872806
1.6019999980927	-0.58825625851055
1.6039999723434	-0.41834791426412
1.6059999465942	-0.31015797402613
1.6080000400543	-0.25513848123137
1.6100000143051	-0.24467001569201
1.6119999885559	-0.26980481824825
1.6139999628067	-0.32113222906883
1.6160000562668	-0.38880778795186
1.6180000305176	-0.46277486924324
1.6200000047684	-0.53320399423899
1.6219999790192	-0.59112466198863
1.6239999532700	-0.62917490648707
1.6260000467300	-0.64230944016182
1.6280000209808	-0.62829751731902
1.6299999952316	-0.58785316661157
1.6319999694824	-0.52435912097099
1.6339999437332	-0.44324681478990
1.6360000371933	-0.35118274098056
1.6380000114441	-0.25524475249812
1.6399999856949	-0.16221457948894
1.6419999599457	-0.078051933190391
1.6440000534058	-0.0075737195512095
1.6460000276566	0.045728303018213
1.6480000019073	0.079735355703022
1.6499999761581	0.093696401770229
1.6519999504089	0.088165636158315
1.6540000438690	0.064918711385186
1.6560000181198	0.026841228232627
1.6579999923706	-0.022234526487093
1.6599999666214	-0.077738883595887
1.6619999408722	-0.13465345351346
1.6640000343323	-0.18786283717002
1.6660000085831	-0.23258094970869
1.6679999828339	-0.26479339027027
1.6699999570847	-0.28165351323148
1.6720000505447	-0.28177549904222
1.6740000247955	-0.26536455279222
1.6759999990463	-0.23414542775449
1.6779999732971	-0.19111588440664
1.6799999475479	-0.14017111436688
1.6820000410080	-0.085666783008060
1.6840000152588	-0.032004136552453
1.6859999895096	0.016748914935718
1.6879999637604	0.057137168110229
1.6900000572205	0.086517791714466
1.6920000314713	0.10317792114259
1.6940000057220	0.10639258519721
1.6959999799728	0.096423517915053
1.6979999542236	0.074482331572081
1.7000000476837	0.042642113236177
1.7020000219345	0.0037034589389983
1.7039999961853	-0.038984804965488
1.7059999704361	-0.081769199062196
1.7079999446869	-0.12096515600969
1.7100000381470	-0.15318674029568
1.7120000123978	-0.17565385344717
1.7139999866486	-0.18646390316860
1.7159999608994	-0.18479345281235
1.7180000543594	-0.17095490750017
1.7200000286102	-0.14635879993108
1.7220000028610	-0.11332696809724
1.7239999771118	-0.074826695744209
1.7259999513626	-0.034176125792629
1.7280000448227	0.0052770905985167
1.7300000190735	0.040428989325717
1.7319999933243	0.068641724306233
1.7339999675751	0.087919076006880
1.7359999418259	0.097004050657129
1.7380000352859	0.095447531829783
1.7400000095367	0.083605521934959
1.7419999837875	0.062610190971911
1.7439999580383	0.034288238611700
1.7460000514984	0.0010375543775509
1.7480000257492	-0.034337625572004
1.7500000000000	-0.068845063892053
1.7519999742508	-0.099539707647842
1.7539999485016	-0.12379057353977
1.7560000419617	-0.13952498407981
1.7580000162125	-0.14543151100726
1.7599999904633	-0.14109067984222
1.7619999647141	-0.12700460988960
1.7640000581741	-0.10453822009976
1.7660000324249	-0.075755597614940
1.7680000066757	-0.043207646023650
1.7699999809265	-0.0096775503995540
1.7719999551773	0.022065385690384
1.7740000486374	0.049495403310339
1.7760000228882	0.070506580147376
1.7779999971390	0.083562871259673
1.7799999713898	0.087778477679051
1.7819999456406	0.082963264884909
1.7840000391006	0.069627975444459
1.7860000133514	0.048942314283498
1.7879999876022	0.022649122007364
1.7899999618530	-0.0070522184090275
1.7920000553131	-0.037669445853944
1.7940000295639	-0.066615633092758
1.7960000038147	-0.091422908552870
1.7979999780655	-0.10996899215118
1.7999999523163	-0.12067653408259
1.8020000457764	-0.12266533485772
1.8040000200272	-0.11584120306909
1.8059999942780	-0.10089342247320
1.8079999685287	-0.079219437994979
1.8099999427795	-0.052772072655316
1.8120000362396	-0.023862222908091
1.8140000104904	0.0050552763661723
1.8159999847412	0.031598333645825
1.8179999589920	0.053646638392636
1.8200000524521	0.069490620021997
1.8220000267029	0.077955150140007
1.8240000009537	0.078457749408461
1.8259999752045	0.071048629339186
1.8279999494553	0.056397833188740
1.8300000429153	0.035741009678246
1.8320000171661	0.010800926642210
1.8339999914169	-0.016344728107246
1.8359999656677	-0.043420009451632
1.8380000591278	-0.068132228290275
1.8400000333786	-0.088377210624269
1.8420000076294	-0.10242482604104
1.8439999818802	-0.10909010178794
1.8459999561310	-0.10784168366774
1.8480000495911	-0.098858358901173
1.8500000238419	-0.083000384456699
1.8519999980927	-0.061716063759234
1.8539999723434	-0.036896156722797
1.8559999465942	-0.010685992719356
1.8580000400543	0.014704828501307
1.8600000143051	0.037192774796695
1.8619999885559	0.054977667015938
1.8639999628067	0.066678213974751
1.8660000562668	0.071417725654217
1.8680000305176	0.068883447485047
1.8700000047684	0.059337091108997
1.8719999790192	0.043592931559831
1.8739999532700	0.022961983351238
1.8760000467300	-0.00084713346833741
1.8780000209808	-0.025848851692929
1.8799999952316	-0.049947262236317
1.8819999694824	-0.071103452608123
1.8839999437332	-0.087517201537772
1.8860000371933	-0.097796024705844
1.8880000114441	-0.10108730054436
1.8899999856949	-0.097157301268428
1.8919999599457	-0.086413491282348
1.8940000534058	-0.069856623511481
1.8960000276566	-0.048980125681811
1.8980000019073	-0.025615263835975
1.8999999761581	-0.0017654679292267
1.9019999504089	0.020571388827316
1.9040000438690	0.039570468335696
1.9060000181198	0.053716306351720
1.9079999923706	0.061907411109001
1.9099999666214	0.063536072758523
1.9119999408722	0.058519417079596
1.9140000343323	0.047300982888249
1.9160000085831	0.030819256131686
1.9179999828339	0.010436287799503
1.9199999570847	-0.012161025914375
1.9220000505447	-0.035093866351502
1.9240000247955	-0.056440136179439
1.9259999990463	-0.074400136889245
1.9279999732971	-0.087459110763200
1.9299999475479	-0.094526288527007
1.9320000410080	-0.095037659386845
1.9340000152588	-0.089011078372339
1.9359999895096	-0.077034837621001
1.9379999637604	-0.060212100576817
1.9400000572205	-0.040042705245626
1.9420000314713	-0.018282530298042
1.9440000057220	0.0032180739789658
1.9459999799728	0.022672774973410
1.9479999542236	0.038500325776795
1.9500000476837	0.049444504460995
1.9520000219345	0.054660264148222
1.9539999961853	0.053773147317118
1.9559999704361	0.046893949497007
1.9579999446869	0.034606881913201
1.9600000381470	0.017934892583518
1.9620000123978	-0.0017536661845467
1.9639999866486	-0.022834732482357
1.9659999608994	-0.043560494468783
1.9680000543594	-0.062210774833393
1.9700000286102	-0.077232871724329
1.9720000028610	-0.087383687532061
1.9739999771118	-0.091847163416512
1.9759999513626	-0.090305968481326
1.9780000448227	-0.082968305141868
1.9800000190735	-0.070545843108124
1.9819999933243	-0.054176856227052
1.9839999675751	-0.035310752356457
1.9859999418259	-0.015579897924981
1.9880000352859	0.0033542188862881
1.9900000095367	0.019929135114234
1.9919999837875	0.032812963326397
1.9939999580383	0.040997267894379
1.9960000514984	0.043864334634884
1.9980000257492	0.041226681064400
2.0000000000000	0.033337039706791
