#Parameters = {e=0.035; h=1.6; l=29.9; ls=80; w=43.8; w0=1.58; w1=3.3; ws=80; y0=10; y1=22}
#"Frequency / GHz"	"S1,1 (7) [Magnitude]"
#----------------------------------------
0.0000000000000	-0.037309213697521
0.0020000000949949	-0.036119743858985
0.0040000001899898	-0.032633408285777
0.0060000000521541	-0.027098345581538
0.0080000003799796	-0.019904556556799
0.0099999997764826	-0.011552143459499
0.012000000104308	-0.0026187151281377
0.014000000432134	0.0062839463168782
0.016000000759959	0.014560567275632
0.017999999225140	0.021667656513146
0.019999999552965	0.027149985190566
0.021999999880791	0.030676403156977
0.024000000208616	0.032054312668412
0.026000000536442	0.031240750141312
0.028000000864267	0.028347062306121
0.029999999329448	0.023628608293944
0.032000001519918	0.017458455492452
0.034000001847744	0.010307699178861
0.035999998450279	0.0027077991121953
0.037999998778105	-0.0047904692873659
0.039999999105930	-0.011650193474216
0.041999999433756	-0.017398858837204
0.043999999761581	-0.021652005569461
0.046000000089407	-0.024146987695723
0.048000000417233	-0.024758130594294
0.050000000745058	-0.023505581225817
0.052000001072884	-0.020547593164444
0.054000001400709	-0.016169510301767
0.056000001728535	-0.010749261513735
0.057999998331070	-0.0047368353849888
0.059999998658895	0.0013910239189319
0.061999998986721	0.0071647742791740
0.064000003039837	0.012156573022299
0.065999999642372	0.016015768047735
0.068000003695488	0.018485281203241
0.070000000298023	0.019422480562131
0.071999996900558	0.018809599212886
0.074000000953674	0.016741894903836
0.075999997556210	0.013428946789725
0.078000001609325	0.0091675207853359
0.079999998211861	0.0043226285721599
0.082000002264977	-0.00070847653469532
0.083999998867512	-0.0055197640659633
0.086000002920628	-0.0097345017724623
0.087999999523163	-0.013033980666076
0.090000003576279	-0.015179877058628
0.092000000178814	-0.016031117062913
0.093999996781349	-0.015558257117575
0.096000000834465	-0.013835804497434
0.097999997437000	-0.011039427353867
0.10000000149012	-0.0074267627834994
0.10199999809265	-0.0033127397603037
0.10400000214577	0.00095265637158298
0.10599999874830	0.0050206418738214
0.10800000280142	0.0085663083965445
0.10999999940395	0.011315011487692
0.11200000345707	0.013064972260227
0.11400000005960	0.013696776223492
0.11599999666214	0.013190126060930
0.11800000071526	0.011611742057313
0.11999999731779	0.0091160177497672
0.12200000137091	0.0059270188948908
0.12399999797344	0.0023226008255834
0.12600000202656	-0.0013942618844682
0.12800000607967	-0.0049097709252218
0.12999999523163	-0.0079412444193972
0.13199999928474	-0.010246622251511
0.13400000333786	-0.011647890294215
0.13600000739098	-0.012047107897945
0.13799999654293	-0.011433345671504
0.14000000059605	-0.0098753054141644
0.14200000464916	-0.0075246768419862
0.14399999380112	-0.0045917880771405
0.14599999785423	-0.0013319930736051
0.14800000190735	0.0019765051654884
0.15000000596046	0.0050563896243656
0.15199999511242	0.0076569095706013
0.15399999916553	0.0095691091261966
0.15600000321865	0.010649123373289
0.15800000727177	0.010819190924099
0.15999999642372	0.010080269436395
0.16200000047684	0.0085107539538577
0.16400000452995	0.0062535712675353
0.16599999368191	0.0035075194364764
0.16799999773502	0.00050955147078189
0.17000000178814	-0.0024867275655738
0.17200000584126	-0.0052292147111516
0.17399999499321	-0.0074901500934492
0.17599999904633	-0.0090867327969509
0.17800000309944	-0.0098956290930390
0.18000000715256	-0.0098571225394833
0.18199999630451	-0.0089902443967156
0.18400000035763	-0.0073761277622278
0.18600000441074	-0.0051620750559805
0.18799999356270	-0.0025430256582776
0.18999999761581	0.00025263075237723
0.19200000166893	0.0029886418307017
0.19400000572205	0.0054364721064983
0.19599999487400	0.0073936057072277
0.19799999892712	0.0087018188479373
0.20000000298023	0.0092594759257647
0.20200000703335	0.0090269328275871
0.20399999618530	0.0080358000547955
0.20600000023842	0.0063748829551368
0.20800000429153	0.0041930054013217
0.20999999344349	0.0016771638655452
0.21199999749660	-0.00095579476457370
0.21400000154972	-0.0034821888478212
0.21600000560284	-0.0056895527810970
0.21799999475479	-0.0073951844942019
0.21999999880791	-0.0084601176764864
0.22200000286102	-0.0087974039865262
0.22400000691414	-0.0083896083511906
0.22599999606609	-0.0072746290923367
0.22800000011921	-0.0055553031264321
0.23000000417233	-0.0033838093795633
0.23199999332428	-0.00094838934066488
0.23399999737740	0.0015437079457767
0.23600000143051	0.0038786349360393
0.23800000548363	0.0058636969976299
0.23999999463558	0.0073326260646752
0.24199999868870	0.0081671657508626
0.24400000274181	0.0082995998363758
0.24600000679493	0.0077276382788074
0.24799999594688	0.0065028554405373
0.25000000000000	0.0047334989160510
0.25200000405312	0.0025744665595594
0.25400000810623	0.00020885757624612
0.25600001215935	-0.0021607257902117
0.25799998641014	-0.0043348069535647
0.25999999046326	-0.0061277997001965
0.26199999451637	-0.0073919594978939
0.26399999856949	-0.0080214200700443
0.26600000262260	-0.0079693758449911
0.26800000667572	-0.0072407810931375
0.27000001072884	-0.0059061697079063
0.27200001478195	-0.0040803074000085
0.27399998903275	-0.0019239194009803
0.27599999308586	0.00038199257956207
0.27799999713898	0.0026363288703717
0.28000000119209	0.0046516267391828
0.28200000524521	0.0062572899518281
0.28400000929832	0.0073209666278377
0.28600001335144	0.0077546007870722
0.28799998760223	0.0075251361579907
0.28999999165535	0.0066570537941455
0.29199999570847	0.0052226152764344
0.29399999976158	0.0033506974697624
0.29600000381470	0.0011978794540891
0.29800000786781	-0.0010496365100119
0.30000001192093	-0.0032027925948512
0.30199998617172	-0.0050777188808681
0.30399999022484	-0.0065183260079079
0.30599999427795	-0.0074004441919861
0.30799999833107	-0.0076543487185685
0.31000000238419	-0.0072596771495883
0.31200000643730	-0.0062529733350718
0.31400001049042	-0.0047217529464029
0.31600001454353	-0.0027999759058085
0.31799998879433	-0.00065258012608277
0.31999999284744	0.0015400752655078
0.32199999690056	0.0035872406391113
0.32400000095367	0.0053191296254361
0.32600000500679	0.0065877407611717
0.32800000905991	0.0072907974944384
0.33000001311302	0.0073666222296041
0.33199998736382	0.0068148986735888
0.33399999141693	0.0056791747981142
0.33599999547005	0.0040626186485435
0.33799999952316	0.0020976858235926
0.34000000357628	-4.4159262242111e-05
0.34200000762939	-0.0021826618861560
0.34400001168251	-0.0041350550668415
0.34599998593330	-0.0057375222958777
0.34799998998642	-0.0068541653489853
0.34999999403954	-0.0073894985326690
0.35199999809265	-0.0073000252897007
0.35400000214577	-0.0065967846155587
0.35600000619888	-0.0053378614221275
0.35800001025200	-0.0036352653448332
0.36000001430511	-0.0016318201358421
0.36199998855591	0.00049909615858330
0.36399999260902	0.0025767950551676
0.36599999666214	0.0044249479664786
0.36800000071526	0.0058875558431104
0.37000000476837	0.0068419363107922
0.37200000882149	0.0072052742429869
0.37400001287460	0.0069515852001750
0.37599998712540	0.0061008907206043
0.37799999117851	0.0047253490090650
0.37999999523163	0.0029431687370649
0.38199999928474	0.00090466813979994
0.38400000333786	-0.0012161738007702
0.38600000739098	-0.0032402526170223
0.38800001144409	-0.0049949073545914
0.38999998569489	-0.0063316575439218
0.39199998974800	-0.0071370795940313
0.39399999380112	-0.0073426555216995
0.39599999785423	-0.0069321387192185
0.39800000190735	-0.0059414267672575
0.40000000596046	-0.0044550625334941
0.40200001001358	-0.0025992331401897
0.40400001406670	-0.00053540210886318
0.40599998831749	0.0015647668969602
0.40799999237061	0.0035188723176269
0.40999999642372	0.0051633650363785
0.41200000047684	0.0063588537874682
0.41400000452995	0.0070036728480041
0.41600000858307	0.0070427077419083
0.41800001263618	0.0064738576995997
0.41999998688698	0.0053454290233242
0.42199999094009	0.0037501840161316
0.42399999499321	0.0018254596507377
0.42599999904633	-0.00026728206829043
0.42800000309944	-0.0023502579016036
0.43000000715256	-0.0042451272545124
0.43200001120567	-0.0057930131042781
0.43399998545647	-0.0068608604704777
0.43599998950958	-0.0073579356736905
0.43799999356270	-0.0072422055064833
0.43999999761581	-0.0065231032848233
0.44200000166893	-0.0052616590988098
0.44400000572205	-0.0035664037720487
0.44600000977516	-0.0015814569114384
0.44800001382828	0.00052417122173691
0.44999998807907	0.0025731477089678
0.45199999213219	0.0043898898953521
0.45399999618530	0.0058203284504839
0.45600000023842	0.0067415790214210
0.45800000429153	0.0070781878605854
0.46000000834465	0.0067982914256944
0.46200001239777	0.0059265276259889
0.46399998664856	0.0045343889146474
0.46599999070168	0.0027399170844974
0.46799999475479	0.00069472503301056
0.46999999880791	-0.0014290814797203
0.47200000286102	-0.0034505895928667
0.47400000691414	-0.0051992193894255
0.47600001096725	-0.0065237015456545
0.47799998521805	-0.0073128489000383
0.47999998927116	-0.0074986423325213
0.48199999332428	-0.0070642668007752
0.48399999737740	-0.0060460003825505
0.48600000143051	-0.0045297559947653
0.48800000548363	-0.0026450739130909
0.49000000953674	-0.00055234587940653
0.49200001358986	0.0015714008461378
0.49399998784065	0.0035466576002620
0.49599999189377	0.0052025311262924
0.49799999594688	0.0064015358834940
0.50000000000000	0.0070385142657707
0.50199997425079	0.0070593865000782
0.50400000810623	0.0064630597761844
0.50599998235703	0.0052955412360156
0.50800001621246	0.0036555099542063
0.50999999046326	0.0016801134889898
0.51200002431870	-0.00046215873994932
0.51399999856949	-0.0025924242717285
0.51599997282028	-0.0045297709398547
0.51800000667572	-0.0061071865996590
0.51999998092651	-0.0071919229749034
0.52200001478195	-0.0076900471748020
0.52399998903275	-0.0075568545273171
0.52600002288818	-0.0068049739838929
0.52799999713898	-0.0054961386272742
0.52999997138977	-0.0037409857829535
0.53200000524521	-0.0016883120338477
0.53399997949600	0.00048766692183306
0.53600001335144	0.0026010708546574
0.53799998760223	0.0044745938334408
0.54000002145767	0.0059466233470502
0.54199999570847	0.0068924118777604
0.54400002956390	0.0072297158137171
0.54600000381470	0.0069282070249755
0.54799997806549	0.0060123675244346
0.55000001192093	0.0045566128819826
0.55199998617172	0.0026817897777382
0.55400002002716	0.00054815701871722
0.55599999427795	-0.0016690288701078
0.55800002813339	-0.0037789905285111
0.56000000238419	-0.0056031179312783
0.56199997663498	-0.0069855630072417
0.56400001049042	-0.0078075337666304
0.56599998474121	-0.0079987166169491
0.56800001859665	-0.0075413639140547
0.56999999284744	-0.0064712953871160
0.57200002670288	-0.0048805349560891
0.57400000095367	-0.0029014531833813
0.57599997520447	-0.00070245989982800
0.57800000905991	0.0015300870310194
0.57999998331070	0.0036050264531810
0.58200001716614	0.0053478574013663
0.58399999141693	0.0066084352045831
0.58600002527237	0.0072788117313710
0.58799999952316	0.0073005457447458
0.58999997377396	0.0066674802089886
0.59200000762939	0.0054330735976343
0.59399998188019	0.0036963093778563
0.59600001573563	0.0016038623996155
0.59799998998642	-0.00066915822789024
0.60000002384186	-0.0029314695182535
0.60199999809265	-0.0049908851908542
0.60399997234344	-0.0066725232707852
0.60600000619888	-0.0078324511958018
0.60799998044968	-0.0083699345156972
0.61000001430511	-0.0082375998829998
0.61199998855591	-0.0074451256184447
0.61400002241135	-0.0060576018121587
0.61599999666214	-0.0041922561097077
0.61799997091293	-0.0020060974578806
0.62000000476837	0.00031592258601526
0.62199997901917	0.0025764692103815
0.62400001287460	0.0045829935137902
0.62599998712540	0.0061656024764262
0.62800002098083	0.0071863750745436
0.62999999523163	0.0075591729030068
0.63200002908707	0.0072477712952086
0.63400000333786	0.0062749495008770
0.63599997758865	0.0047220398272632
0.63800001144409	0.0027139726759289
0.63999998569489	0.00042008120730344
0.64200001955032	-0.0019667749557841
0.64399999380112	-0.0042459563780656
0.64600002765656	-0.0062236561398995
0.64800000190735	-0.0077303509936990
0.64999997615814	-0.0086385597871345
0.65200001001358	-0.0088658683907464
0.65399998426437	-0.0083937127845334
0.65600001811981	-0.0072568118225140
0.65799999237061	-0.0055527935261087
0.66000002622604	-0.0034227221422424
0.66200000047684	-0.0010467026326865
0.66399997472763	0.0013732916142173
0.66600000858307	0.0036335400998185
0.66799998283386	0.0055395683140455
0.67000001668930	0.0069298755847417
0.67199999094009	0.0076835808320466
0.67400002479553	0.0077344912893675
0.67599999904633	0.0070730057639385
0.67799997329712	0.0057530898877049
0.68000000715256	0.0038807491680189
0.68199998140335	0.0016105548685358
0.68400001525879	-0.00086561239793963
0.68599998950958	-0.0033421385719515
0.68800002336502	-0.0056079720483903
0.68999999761581	-0.0074716573651340
0.69199997186661	-0.0087729262981206
0.69400000572205	-0.0094000164576477
0.69599997997284	-0.0092953353053865
0.69800001382828	-0.0084650135217589
0.69999998807907	-0.0069777364437705
0.70200002193451	-0.0049580281520536
0.70399999618530	-0.0025746735216204
0.70599997043610	-2.8568091059270e-05
0.70800000429153	0.0024645786313323
0.70999997854233	0.0046923486944465
0.71200001239777	0.0064658716426754
0.71399998664856	0.0076308689129279
0.71600002050400	0.0080868633878266
0.71799999475479	0.0077906726665565
0.72000002861023	0.0067644872722891
0.72200000286102	0.0050863336862350
0.72399997711182	0.0028978627071695
0.72600001096725	0.00037605346628014
0.72799998521805	-0.0022652269420693
0.73000001907349	-0.0048050581477825
0.73199999332428	-0.0070276472533006
0.73400002717972	-0.0087454908044216
0.73600000143051	-0.0098092954872240
0.73799997568130	-0.010124930755143
0.74000000953674	-0.0096647341434115
0.74199998378754	-0.0084622326472574
0.74400001764297	-0.0066170463858276
0.74599999189377	-0.0042837676397802
0.74800002574921	-0.0016585845723327
0.75000000000000	0.0010382360224754
0.75199997425079	0.0035761911313050
0.75400000810623	0.0057413361230793
0.75599998235703	0.0073470790224752
0.75800001621246	0.0082552810519679
0.75999999046326	0.0083849223830013
0.76200002431870	0.0077189853097097
0.76399999856949	0.0063084013831920
0.76599997282028	0.0042663286734247
0.76800000667572	0.0017604538375221
0.76999998092651	-0.0010014590085404
0.77200001478195	-0.0037888184955333
0.77399998903275	-0.0063677032887726
0.77600002288818	-0.0085181378060067
0.77799999713898	-0.010058307229991
0.77999997138977	-0.010852065327298
0.78200000524521	-0.010829994691938
0.78399997949600	-0.0099904331418116
0.78600001335144	-0.0083993520746932
0.78799998760223	-0.0061893217512961
0.79000002145767	-0.0035446677218428
0.79199999570847	-0.00068919588804387
0.79400002956390	0.0021391606655616
0.79600000381470	0.0046980872262511
0.79799997806549	0.0067705645235989
0.80000001192093	0.0081777503648304
0.80199998617172	0.0087973814887498
0.80400002002716	0.0085722500919198
0.80599999427795	0.0075131261235425
0.80800002813339	0.0057017875686777
0.81000000238419	0.0032866660854257
0.81199997663498	0.00046452867101784
0.81400001049042	-0.0025297730411330
0.81599998474121	-0.0054469109847761
0.81800001859665	-0.0080407452045771
0.81999999284744	-0.010091507052903
0.82200002670288	-0.011421835744658
0.82400000095367	-0.011915929566367
0.82599997520447	-0.011527640407801
0.82800000905991	-0.010284974447820
0.82999998331070	-0.0082894457728543
0.83200001716614	-0.0057059787889752
0.83399999141693	-0.0027509448027310
0.83600002527237	0.00032768822085024
0.83799999952316	0.0032709507786854
0.83999997377396	0.0058271851498001
0.84200000762939	0.0077795261442361
0.84399998188019	0.0089587862978962
0.84600001573563	0.0092594548113826
0.84799998998642	0.0086496858182427
0.85000002384186	0.0071714073571361
0.85199999809265	0.0049438308859280
0.85399997234344	0.0021453827933240
0.85600000619888	-0.00099685666057595
0.85799998044968	-0.0042179918692891
0.86000001430511	-0.0072521766552927
0.86199998855591	-0.0098403383181902
0.86400002241135	-0.011765012917614
0.86599999666214	-0.012857254675989
0.86799997091293	-0.013022551217234
0.87000000476837	-0.012239304740292
0.87199997901917	-0.010570041468856
0.87400001287460	-0.0081512566278958
0.87599998712540	-0.0051827591579621
0.87800002098083	-0.0019129253124610
0.87999999523163	0.0013838493464921
0.88200002908707	0.0044288899162378
0.88400000333786	0.0069641338298246
0.88599997758865	0.0087713109879849
0.88800001144409	0.0096926433587511
0.88999998569489	0.0096452744250086
0.89200001955032	0.0086220280520076
0.89399999380112	0.0066999038038788
0.89600002765656	0.0040309358727204
0.89800000190735	0.00083110445515310
0.89999997615814	-0.0026371494712240
0.90200001001358	-0.0060874653064777
0.90399998426437	-0.0092299050208762
0.90600001811981	-0.011798873315824
0.90799999237061	-0.013576161628726
0.91000002622604	-0.014406109093486
0.91200000047684	-0.014213726727453
0.91399997472763	-0.013008224586516
0.91600000858307	-0.010885972169773
0.91799998283386	-0.0080209857816583
0.92000001668930	-0.0046520109449371
0.92199999094009	-0.0010585921515576
0.92400002479553	0.0024580783271657
0.92599999904633	0.0055982746050703
0.92799997329712	0.0080973190585225
0.93000000715256	0.0097385796623592
0.93199998140335	0.010377975344011
0.93400001525879	0.0099503741351656
0.93599998950958	0.0084808615458437
0.93800002336502	0.0060819956541718
0.93999999761581	0.0029442002793076
0.94199997186661	-0.00068054091721265
0.94400000572205	-0.0044940098708110
0.94599997997284	-0.0081815902447360
0.94800001382828	-0.011434475059204
0.94999998807907	-0.013976730172790
0.95200002193451	-0.015592202343181
0.95399999618530	-0.016137948623953
0.95599997043610	-0.015560295486852
0.95800000429153	-0.013903095152523
0.95999997854233	-0.011297430910911
0.96200001239777	-0.0079581707451456
0.96399998664856	-0.0041612842093938
0.96600002050400	-0.00022420299607115
0.96799999475479	0.0035212743035830
0.97000002861023	0.0067607705276170
0.97200000286102	0.0092163422781245
0.97399997711182	0.010675697494954
0.97600001096725	0.011005543413806
0.97799998521805	0.010168243703810
0.98000001907349	0.0082168893749352
0.98199999332428	0.0053029908045284
0.98400002717972	0.0016560351051740
0.98600000143051	-0.0024296782378176
0.98799997568130	-0.0066192749847042
0.99000000953674	-0.010568252379938
0.99199998378754	-0.013945155992811
0.99400001764297	-0.016463953134502
0.99599999189377	-0.017908635567343
0.99800002574921	-0.018151111050709
1.0000000000000	-0.017160089599383
1.0019999742508	-0.015015791292085
1.0039999485016	-0.011887609875246
1.0060000419617	-0.0080327594809538
1.0080000162125	-0.0037712870135660
1.0099999904633	0.00054075237354124
1.0119999647141	0.0045438531802714
1.0140000581741	0.0078942930389237
1.0160000324249	0.010310736196447
1.0180000066757	0.011578076374801
1.0199999809265	0.011576524431571
1.0219999551773	0.010292808078732
1.0240000486374	0.0078161449386073
1.0260000228882	0.0043364989657974
1.0279999971390	0.00012672427827519
1.0299999713898	-0.0044732862686131
1.0319999456406	-0.0090896916219281
1.0340000391006	-0.013339652874066
1.0360000133514	-0.016869390799536
1.0379999876022	-0.019379811983120
1.0399999618530	-0.020653605200031
1.0420000553131	-0.020575964025473
1.0440000295639	-0.019141846444220
1.0460000038147	-0.016465316142628
1.0479999780655	-0.012761605914122
1.0499999523163	-0.0083340390342401
1.0520000457764	-0.0035503252347804
1.0540000200272	0.0011903466442437
1.0559999942780	0.0054912554327300
1.0579999685287	0.0089872960598169
1.0599999427795	0.011376646058605
1.0620000362396	0.012445614547452
1.0640000104904	0.012091574895367
1.0659999847412	0.010322114488276
1.0679999589920	0.0072623174255202
1.0700000524521	0.0031474182732394
1.0720000267029	-0.0017015947079518
1.0740000009537	-0.0068951208993135
1.0759999752045	-0.012010124141639
1.0779999494553	-0.016627147295920
1.0800000429153	-0.020358742851871
1.0820000171661	-0.022889791302094
1.0839999914169	-0.023999881257063
1.0859999656677	-0.023585110608041
1.0880000591278	-0.021670123595152
1.0900000333786	-0.018404715224022
1.0920000076294	-0.014051404814924
1.0939999818802	-0.0089695422792651
1.0959999561310	-0.0035796350421661
1.0980000495911	0.0016694490154259
1.1000000238419	0.0063377384973454
1.1019999980927	0.010025583516660
1.1039999723434	0.012416151545036
1.1059999465942	0.013290386693405
1.1080000400543	0.012556327894946
1.1100000143051	0.010246387356436
1.1119999885559	0.0065265875877348
1.1139999628067	0.0016793538450444
1.1160000562668	-0.0039171077448152
1.1180000305176	-0.0098159257169967
1.1200000047684	-0.015538958496506
1.1219999790192	-0.020616935724395
1.1239999532700	-0.024625720470436
1.1260000467300	-0.027222980097051
1.1280000209808	-0.028183464644241
1.1299999952316	-0.027413691691752
1.1319999694824	-0.024964090737076
1.1339999437332	-0.021028744252083
1.1360000371933	-0.015923978181505
1.1380000114441	-0.010071680957174
1.1399999856949	-0.0039535567369230
1.1419999599457	0.0019200244436545
1.1440000534058	0.0070528472597896
1.1460000276566	0.011008031283306
1.1480000019073	0.013440211131103
1.1499999761581	0.014122546727728
1.1519999504089	0.012972317992234
1.1540000438690	0.010048285670484
1.1560000181198	0.0055604080288682
1.1579999923706	-0.00015428125518013
1.1599999666214	-0.0066519594321672
1.1619999408722	-0.013416556557521
1.1640000343323	-0.019903168154426
1.1660000085831	-0.025577161188083
1.1679999828339	-0.029965847839581
1.1699999570847	-0.032694969029255
1.1720000505447	-0.033524432109692
1.1740000247955	-0.032368326165287
1.1759999990463	-0.029308925661861
1.1779999732971	-0.024585234459881
1.1799999475479	-0.018580967223779
1.1820000410080	-0.011787077910937
1.1840000152588	-0.0047677141360077
1.1859999895096	0.0018922367187608
1.1879999637604	0.0076306186764370
1.1900000572205	0.011955735633114
1.1920000314713	0.014485915980066
1.1940000057220	0.014980097858642
1.1959999799728	0.013356131813344
1.1979999542236	0.0097102270286534
1.2000000476837	0.0042956661243781
1.2020000219345	-0.0024837847468366
1.2039999961853	-0.010103572475973
1.2059999704361	-0.017962789885459
1.2079999446869	-0.025427106468961
1.2100000381470	-0.031885461869536
1.2120000123978	-0.036797633466029
1.2139999866486	-0.039742392579505
1.2159999608994	-0.040457982346416
1.2180000543594	-0.038864206506618
1.2200000286102	-0.035073759223132
1.2220000028610	-0.029385889780204
1.2239999771118	-0.022259889022980
1.2259999513626	-0.014281440566493
1.2280000448227	-0.0061112936169000
1.2300000190735	0.0015688154367055
1.2319999933243	0.0081070861706015
1.2339999675751	0.012939504164369
1.2359999418259	0.015633778809992
1.2380000352859	0.015928384537618
1.2400000095367	0.013741207149742
1.2419999837875	0.0092009862833397
1.2439999580383	0.0026195753352670
1.2460000514984	-0.0055158407559231
1.2480000257492	-0.014580242669003
1.2500000000000	-0.023863278969863
1.2519999742508	-0.032618021379811
1.2539999485016	-0.040124977184533
1.2560000419617	-0.045754629751241
1.2580000162125	-0.049022588758699
1.2599999904633	-0.049631472696068
1.2619999647141	-0.047505739596080
1.2640000581741	-0.042795017610997
1.2660000324249	-0.035871104441853
1.2680000066757	-0.027294210902231
1.2699999809265	-0.017769602370271
1.2719999551773	-0.0080880495681278
1.2740000486374	0.00093917729830731
1.2760000228882	0.0085430166244490
1.2779999971390	0.014064026871707
1.2799999713898	0.017000046331876
1.2819999456406	0.017047808877891
1.2840000391006	0.014131951107279
1.2860000133514	0.0084173990281135
1.2879999876022	0.00029235202322481
1.2899999618530	-0.0096499207323401
1.2920000553131	-0.020653698909776
1.2940000295639	-0.031857680295243
1.2960000038147	-0.042362367526218
1.2979999780655	-0.051303120290908
1.2999999523163	-0.057925160780736
1.3020000457764	-0.061654996060500
1.3040000200272	-0.062145125326841
1.3059999942780	-0.059319313011860
1.3079999685287	-0.053378656836613
1.3099999427795	-0.044791897136963
1.3120000362396	-0.034256262960803
1.3140000104904	-0.022639425591130
1.3159999847412	-0.010909635874984
1.3179999589920	-5.7112622202122e-05
1.3200000524521	0.0089892236792217
1.3220000267029	0.015432165347638
1.3240000009537	0.018672819727209
1.3259999752045	0.018358612731952
1.3279999494553	0.014410428729973
1.3300000429153	0.0070437246817183
1.3320000171661	-0.0032524445871624
1.3339999914169	-0.015735351016226
1.3359999656677	-0.029467756757891
1.3380000591278	-0.043379739623379
1.3400000333786	-0.056354844294219
1.3420000076294	-0.067322943228495
1.3439999818802	-0.075353258091978
1.3459999561310	-0.079735017816988
1.3480000495911	-0.080054893467455
1.3500000238419	-0.076233031999791
1.3519999980927	-0.068544101880371
1.3539999723434	-0.057596687682876
1.3559999465942	-0.044283789396819
1.3580000400543	-0.029705994510883
1.3600000143051	-0.015092875143897
1.3619999885559	-0.0016853594442787
1.3639999628067	0.0093544841029855
1.3660000562668	0.017030839275951
1.3680000305176	0.020610511935486
1.3700000047684	0.019659407848735
1.3719999790192	0.014100671452410
1.3739999532700	0.0042165722100382
1.3760000467300	-0.0093539451749571
1.3780000209808	-0.025657301907417
1.3799999952316	-0.043485829947210
1.3819999694824	-0.061462993212357
1.3839999437332	-0.078150302452368
1.3860000371933	-0.092166840486347
1.3880000114441	-0.10230802549420
1.3899999856949	-0.10766436134665
1.3919999599457	-0.10771321821619
1.3940000534058	-0.10237803965443
1.3960000276566	-0.092041134164477
1.3980000019073	-0.077530586991024
1.3999999761581	-0.060040388556280
1.4019999504089	-0.041039613687663
1.4040000438690	-0.022146544378201
1.4060000181198	-0.0049952645781820
1.4079999923706	0.0088932322872868
1.4099999666214	0.018230989633271
1.4119999408722	0.022059980236021
1.4140000343323	0.019834052696891
1.4160000085831	0.011464151673551
1.4179999828339	-0.0026618837436243
1.4199999570847	-0.021682754911058
1.4220000505447	-0.044316246552726
1.4240000247955	-0.068929786778876
1.4259999990463	-0.093654766048846
1.4279999732971	-0.11653034763786
1.4299999475479	-0.13565555417765
1.4320000410080	-0.14938057804095
1.4340000152588	-0.15645470144792
1.4359999895096	-0.15616857168888
1.4379999637604	-0.14843776032761
1.4400000572205	-0.13383933103434
1.4420000314713	-0.11356567297830
1.4440000057220	-0.089329983106229
1.4459999799728	-0.063220181149027
1.4479999542236	-0.037521209259287
1.4500000476837	-0.014531269821739
1.4520000219345	0.0036168499970050
1.4539999961853	0.015120686619381
1.4559999704361	0.018637774428734
1.4579999446869	0.013394504237992
1.4600000381470	-0.00074486260126495
1.4620000123978	-0.023248562293638
1.4639999866486	-0.052907271572387
1.4659999608994	-0.087890804515142
1.4680000543594	-0.12583123650749
1.4700000286102	-0.16397795187521
1.4720000028610	-0.19938585834399
1.4739999771118	-0.22917197810093
1.4759999513626	-0.25077763374253
1.4780000448227	-0.26224808273491
1.4800000190735	-0.26245729520970
1.4819999933243	-0.25127589864124
1.4839999675751	-0.22962114077070
1.4859999418259	-0.19940331133046
1.4880000352859	-0.16336221094253
1.4900000095367	-0.12483408100763
1.4919999837875	-0.087466248563394
1.4939999580383	-0.054927107813555
1.4960000514984	-0.030641076182953
1.4980000257492	-0.017551217012438
1.5000000000000	-0.017925357940023
1.5019999742508	-0.033203444600413
1.5039999485016	-0.063881901501743
1.5060000419617	-0.10941746077349
1.5080000162125	-0.16818756698416
1.5099999904633	-0.23747862387835
1.5119999647141	-0.31355355514012
1.5140000581741	-0.39179823826863
1.5160000324249	-0.46699443274503
1.5180000066757	-0.53373066752215
1.5199999809265	-0.58692973292687
1.5219999551773	-0.62244877300169
1.5240000486374	-0.63768653015765
1.5260000228882	-0.63205036962905
1.5279999971390	-0.60720918341397
1.5299999713898	-0.56706743992577
1.5319999456406	-0.51748145603091
1.5340000391006	-0.46578701981255
1.5360000133514	-0.42027660304515
1.5379999876022	-0.38969943694319
1.5399999618530	-0.38289759334004
1.5420000553131	-0.40856466974037
1.5440000295639	-0.47518829911681
1.5460000038147	-0.59109453338138
1.5479999780655	-0.76463839645585
1.5499999523163	-1.0044775608944
1.5520000457764	-1.3199562624726
1.5540000200272	-1.7216324409478
1.5559999942780	-2.2219560311309
1.5579999685287	-2.8362523954923
1.5599999427795	-3.5841118884113
1.5620000362396	-4.4914796637071
1.5640000104904	-5.5938366709046
1.5659999847412	-6.9409799781449
1.5679999589920	-8.6032231607883
1.5700000524521	-10.672601938129
1.5720000267029	-13.210505286138
1.5740000009537	-15.854976383567
1.5759999752045	-16.699132307903
1.5779999494553	-14.648933952861
1.5800000429153	-11.924662305730
1.5820000171661	-9.5901172601761
1.5839999914169	-7.7093220132127
1.5859999656677	-6.1909042377125
1.5880000591278	-4.9521811674887
1.5900000333786	-3.9334186471651
1.5920000076294	-3.0924309846065
1.5939999818802	-2.3988824856402
1.5959999561310	-1.8303303598200
1.5980000495911	-1.3696058258189
1.6000000238419	-1.0030989097538
1.6019999980927	-0.71957956765568
1.6039999723434	-0.50936358272310
1.6059999465942	-0.36370085788479
1.6080000400543	-0.27429560748195
1.6100000143051	-0.23295014769069
1.6119999885559	-0.23128249493566
1.6139999628067	-0.26056789779251
1.6160000562668	-0.31168233328886
1.6180000305176	-0.37522043778702
1.6200000047684	-0.44178140726283
1.6219999790192	-0.50245069581536
1.6239999532700	-0.54941274871568
1.6260000467300	-0.57661410296035
1.6280000209808	-0.58031807004433
1.6299999952316	-0.55942346326154
1.6319999694824	-0.51543414483810
1.6339999437332	-0.45209210506438
1.6360000371933	-0.37474887759466
1.6380000114441	-0.28963336439748
1.6399999856949	-0.20313018471999
1.6419999599457	-0.12120014853146
1.6440000534058	-0.048951910950564
1.6460000276566	0.0096133478842299
1.6480000019073	0.051738533477032
1.6499999761581	0.075943089766238
1.6519999504089	0.082005133744482
1.6540000438690	0.070895042880562
1.6560000181198	0.044675963373309
1.6579999923706	0.0063771201872751
1.6599999666214	-0.040188676985017
1.6619999408722	-0.090661309418362
1.6640000343323	-0.14042901578350
1.6660000085831	-0.18498580146227
1.6679999828339	-0.22031649801163
1.6699999570847	-0.24327816383393
1.6720000505447	-0.25189919108713
1.6740000247955	-0.24557890421238
1.6759999990463	-0.22511074352542
1.6779999732971	-0.19254947612746
1.6799999475479	-0.15094023940518
1.6820000410080	-0.10395977630624
1.6840000152588	-0.055538890964986
1.6859999895096	-0.0095017827948298
1.6879999637604	0.030735619780976
1.6900000572205	0.062390727619480
1.6920000314713	0.083463309919202
1.6940000057220	0.092828569801632
1.6959999799728	0.090258775849788
1.6979999542236	0.076414781374101
1.7000000476837	0.052772114746846
1.7020000219345	0.021531082994082
1.7039999961853	-0.014545576921284
1.7059999704361	-0.052318392335347
1.7079999446869	-0.088517834055117
1.7100000381470	-0.12000866798392
1.7120000123978	-0.14407621911719
1.7139999866486	-0.15866854550769
1.7159999608994	-0.16260730651331
1.7180000543594	-0.15569427067470
1.7200000286102	-0.13871018310701
1.7220000028610	-0.11331328387003
1.7239999771118	-0.081841095237132
1.7259999513626	-0.047071428502471
1.7280000448227	-0.011945811050881
1.7300000190735	0.020695652276923
1.7319999933243	0.048323040719422
1.7339999675751	0.068906011479220
1.7359999418259	0.081032244922619
1.7380000352859	0.083983222141914
1.7400000095367	0.077757051377421
1.7419999837875	0.063062914264360
1.7439999580383	0.041254701409440
1.7460000514984	0.014235156128458
1.7480000257492	-0.015677010757301
1.7500000000000	-0.045925469948858
1.7519999742508	-0.073921736905795
1.7539999485016	-0.097265426505336
1.7560000419617	-0.11396496229433
1.7580000162125	-0.12261896284683
1.7599999904633	-0.12255591907243
1.7619999647141	-0.11389312141418
1.7640000581741	-0.097509574495758
1.7660000324249	-0.074946545168828
1.7680000066757	-0.048240006499397
1.7699999809265	-0.019717127363001
1.7719999551773	0.0082173749074497
1.7740000486374	0.033287123535433
1.7760000228882	0.053523595250116
1.7779999971390	0.067401700433348
1.7799999713898	0.073940284699550
1.7819999456406	0.072752616974517
1.7840000391006	0.064065435922748
1.7860000133514	0.048696131939566
1.7879999876022	0.027985305430554
1.7899999618530	0.0037049536528390
1.7920000553131	-0.022082757029062
1.7940000295639	-0.047182783860434
1.7960000038147	-0.069448518211056
1.7979999780655	-0.086978221299658
1.7999999523163	-0.098280641458237
1.8020000457764	-0.10242288328234
1.8040000200272	-0.099114848439574
1.8059999942780	-0.088731703111867
1.8079999685287	-0.072269569133111
1.8099999427795	-0.051235511888189
1.8120000362396	-0.027497138155349
1.8140000104904	-0.0031017712311524
1.8159999847412	0.019904994976408
1.8179999589920	0.039646029175253
1.8200000524521	0.054562986501254
1.8220000267029	0.063518199093082
1.8240000009537	0.065877767434215
1.8259999752045	0.061536456457724
1.8279999494553	0.050929633185945
1.8300000429153	0.034991962228601
1.8320000171661	0.015083907751327
1.8339999914169	-0.0071032515098686
1.8359999656677	-0.029687166287172
1.8380000591278	-0.050742802725265
1.8400000333786	-0.068471313458014
1.8420000076294	-0.081358355550469
1.8439999818802	-0.088318337543062
1.8459999561310	-0.088791692512054
1.8480000495911	-0.082803826722300
1.8500000238419	-0.070948039239680
1.8519999980927	-0.054325867028815
1.8539999723434	-0.034434804600567
1.8559999465942	-0.013017885768132
1.8580000400543	0.0080911594129778
1.8600000143051	0.027129470619718
1.8619999885559	0.042547200941895
1.8639999628067	0.053121266018483
1.8660000562668	0.058047870203297
1.8680000305176	0.056987353805138
1.8700000047684	0.050086263900207
1.8719999790192	0.037964462556483
1.8739999532700	0.021662166888503
1.8760000467300	0.0025632167970507
1.8780000209808	-0.017713210736539
1.8799999952316	-0.037441838359045
1.8819999694824	-0.054940635123007
1.8839999437332	-0.068713689684026
1.8860000371933	-0.077593160032508
1.8880000114441	-0.080843232868681
1.8899999856949	-0.078230724695782
1.8919999599457	-0.070047645833542
1.8940000534058	-0.057068962123304
1.8960000276566	-0.040481910920862
1.8980000019073	-0.021761159460500
1.8999999761581	-0.0025376117074109
1.9019999504089	0.015555446890984
1.9040000438690	0.031011687591369
1.9060000181198	0.042573807330925
1.9079999923706	0.049327902940513
1.9099999666214	0.050764390422602
1.9119999408722	0.046815239345916
1.9140000343323	0.037847386497113
1.9160000085831	0.024639305514175
1.9179999828339	0.0083165466261329
1.9199999570847	-0.0097358867819178
1.9220000505447	-0.027984532138955
1.9240000247955	-0.044874874915516
1.9259999990463	-0.058965105151910
1.9279999732971	-0.069060230671238
1.9299999475479	-0.074313445970243
1.9320000410080	-0.074316363419824
1.9340000152588	-0.069124231108079
1.9359999895096	-0.059255056899246
1.9379999637604	-0.045627825409855
1.9400000572205	-0.029476816617458
1.9420000314713	-0.012231227311087
1.9440000057220	0.0046182723541296
1.9459999799728	0.019642744432669
1.9479999542236	0.031595456768711
1.9500000476837	0.039508437459342
1.9520000219345	0.042760922987212
1.9539999961853	0.041124071847785
1.9559999704361	0.034774184911353
1.9579999446869	0.024270389692028
1.9600000381470	0.010519259247393
1.9620000123978	-0.0053109754022345
1.9639999866486	-0.021870185128230
1.9659999608994	-0.037749923143382
1.9680000543594	-0.051596096885302
1.9700000286102	-0.062238789572546
1.9720000028610	-0.068786465875404
1.9739999771118	-0.070719760256303
1.9759999513626	-0.067932268282792
1.9780000448227	-0.060736022820231
1.9800000190735	-0.049829095270262
1.9819999933243	-0.036225588612760
1.9839999675751	-0.021158052522094
1.9859999418259	-0.0059545191365766
1.9880000352859	0.0080681900054443
1.9900000095367	0.019722959917975
1.9919999837875	0.028046457441575
1.9939999580383	0.032368399423382
1.9960000514984	0.032362667128353
1.9980000257492	0.028070056441356
2.0000000000000	0.019882634893551