#Parameters = {L=39; e=0.035; h=1.6; i=0.8; l1=4; ls=120; wl=1.7; ws=33}
#"Frequency / GHz"	"S1,1 (3) [Magnitude]"
#----------------------------------------
0.0000000000000	-0.00029096315727807
0.0040000001899898	-0.00029446513844823
0.0080000003799796	-0.00030600708745380
0.012000000104308	-0.00032455509142998
0.016000000759959	-0.00035011179153131
0.019999999552965	-0.00038371629095855
0.024000000208616	-0.00042330227304795
0.028000000864267	-0.00047146416885332
0.032000001519918	-0.00052613757246424
0.035999998450279	-0.00058733009320716
0.039999999105930	-0.00065505029170773
0.043999999761581	-0.00073137827964633
0.048000000417233	-0.00081321807180007
0.052000001072884	-0.00090109816614077
0.056000001728535	-0.00099503033384520
0.059999998658895	-0.0010939916162953
0.064000003039837	-0.0012000657234842
0.068000003695488	-0.0013122314953100
0.071999996900558	-0.0014289484880914
0.075999997556210	-0.0015512685618167
0.079999998211861	-0.0016766167276769
0.083999998867512	-0.0018081141938505
0.087999999523163	-0.0019431884316706
0.092000000178814	-0.0020828915247528
0.096000000834465	-0.0022256841347600
0.10000000149012	-0.0023731371944000
0.10400000214577	-0.0025216398524570
0.10800000280142	-0.0026753517965381
0.11200000345707	-0.0028296270658662
0.11599999666214	-0.0029875872901066
0.11999999731779	-0.0031451046927216
0.12399999797344	-0.0033058186603692
0.12800000607967	-0.0034676716667833
0.13199999928474	-0.0036291206180080
0.13600000739098	-0.0037922525954532
0.14000000059605	-0.0039539666536426
0.14399999380112	-0.0041168653503366
0.14800000190735	-0.0042794042356048
0.15199999511242	-0.0044390031837324
0.15600000321865	-0.0045977402319748
0.15999999642372	-0.0047556172335406
0.16400000452995	-0.0049110874639268
0.16799999773502	-0.0050646727849786
0.17200000584126	-0.0052148213617671
0.17599999904633	-0.0053625669818818
0.18000000715256	-0.0055063503137269
0.18400000035763	-0.0056461750911028
0.18799999356270	-0.0057825502166715
0.19200000166893	-0.0059139146930278
0.19599999487400	-0.0060402635722500
0.20000000298023	-0.0061631306999990
0.20399999618530	-0.0062794021901530
0.20800000429153	-0.0063911328883686
0.21199999749660	-0.0064957125849527
0.21600000560284	-0.0065957188923372
0.21999999880791	-0.0066885354191957
0.22400000691414	-0.0067751779282128
0.22800000011921	-0.0068540615107309
0.23199999332428	-0.0069267124027920
0.23600000143051	-0.0069920668541937
0.23999999463558	-0.0070506076264969
0.24400000274181	-0.0071012716186294
0.24799999594688	-0.0071445264776239
0.25200000405312	-0.0071803399649758
0.25600001215935	-0.0072076340747059
0.25999999046326	-0.0072268844814377
0.26399999856949	-0.0072380332833278
0.26800000667572	-0.0072420816657156
0.27200001478195	-0.0072363889951805
0.27599999308586	-0.0072239953185334
0.28000000119209	-0.0072022733282429
0.28400000929832	-0.0071727033115572
0.28799998760223	-0.0071347132092340
0.29199999570847	-0.0070898058884253
0.29600000381470	-0.0070353201181157
0.30000001192093	-0.0069742958130812
0.30399999022484	-0.0069040913339126
0.30799999833107	-0.0068277182021162
0.31200000643730	-0.0067430623327555
0.31600001454353	-0.0066505572889078
0.31999999284744	-0.0065506440543429
0.32400000095367	-0.0064442881246104
0.32800000905991	-0.0063309090052166
0.33199998736382	-0.0062104098405372
0.33599999547005	-0.0060842825608452
0.34000000357628	-0.0059529473564195
0.34400001168251	-0.0058142787276156
0.34799998998642	-0.0056707690495334
0.35199999809265	-0.0055218220249705
0.35600000619888	-0.0053683937851885
0.36000001430511	-0.0052104123697783
0.36399999260902	-0.0050483032861926
0.36800000071526	-0.0048819798702381
0.37200000882149	-0.0047118992196971
0.37599998712540	-0.0045400232863266
0.37999999523163	-0.0043652589232727
0.38400000333786	-0.0041870042778221
0.38800001144409	-0.0040087934193252
0.39199998974800	-0.0038279776455234
0.39599999785423	-0.0036470509004130
0.40000000596046	-0.0034643941819260
0.40400001406670	-0.0032840637884163
0.40799999237061	-0.0031023713497989
0.41200000047684	-0.0029223402767752
0.41600000858307	-0.0027428774471160
0.41999998688698	-0.0025649370033401
0.42399999499321	-0.0023915861349722
0.42800000309944	-0.0022180512700861
0.43200001120567	-0.0020489573046544
0.43599998950958	-0.0018852900814851
0.43999999761581	-0.0017238682319960
0.44400000572205	-0.0015682584599335
0.44800001382828	-0.0014158296098350
0.45199999213219	-0.0012706554656706
0.45600000023842	-0.0011306346057085
0.46000000834465	-0.00099726073404874
0.46399998664856	-0.00087102823111832
0.46799999475479	-0.00075083721281456
0.47200000286102	-0.00063874132146188
0.47600001096725	-0.00053520676171744
0.47999998927116	-0.00043865911249409
0.48399999737740	-0.00035116249185767
0.48800000548363	-0.00027265576807597
0.49200001358986	-0.00020417670696161
0.49599999189377	-0.00014413199777598
0.50000000000000	-9.4597726955028e-05
0.50400000810623	-5.5539977111736e-05
0.50800001621246	-2.6477693266301e-05
0.51200002431870	-7.3636021900978e-06
0.51599997282028	-7.7596034480945e-07
0.51999998092651	-3.1001912406243e-06
0.52399998903275	-1.7978037927452e-05
0.52799999713898	-4.2295587358042e-05
0.53200000524521	-8.0723841964292e-05
0.53600001335144	-0.00012912600501901
0.54000002145767	-0.00018798453724728
0.54400002956390	-0.00025896708333000
0.54799997806549	-0.00034252404694752
0.55199998617172	-0.00043664913825011
0.55599999427795	-0.00054181254511379
0.56000000238419	-0.00065916104494023
0.56400001049042	-0.00078812417318545
0.56800001859665	-0.00092664945478513
0.57200002670288	-0.0010774286865369
0.57599997520447	-0.0012398762538717
0.57999998331070	-0.0014114706853984
0.58399999141693	-0.0015932790686592
0.58799999952316	-0.0017862929703646
0.59200000762939	-0.0019869925310066
0.59600001573563	-0.0021995021760131
0.60000002384186	-0.0024207011151531
0.60399997234344	-0.0026501475511277
0.60799998044968	-0.0028899011610984
0.61199998855591	-0.0031358419570300
0.61599999666214	-0.0033894993375994
0.62000000476837	-0.0036519521070795
0.62400001287460	-0.0039200868120148
0.62800002098083	-0.0041944323889995
0.63200002908707	-0.0044744543613328
0.63599997758865	-0.0047601506167432
0.63999998569489	-0.0050509873099596
0.64399999380112	-0.0053459198326997
0.64800000190735	-0.0056444150199528
0.65200001001358	-0.0059454291149298
0.65600001811981	-0.0062509181530369
0.66000002622604	-0.0065568165371610
0.66399997472763	-0.0068640139306772
0.66799998283386	-0.0071720201038272
0.67199999094009	-0.0074807450486792
0.67599999904633	-0.0077890987430317
0.68000000715256	-0.0080959679838168
0.68400001525879	-0.0084001929068953
0.68800002336502	-0.0087033220795192
0.69199997186661	-0.0090041697741506
0.69599997997284	-0.0093011302987530
0.69999998807907	-0.0095930375633869
0.70399999618530	-0.0098807855861093
0.70800000429153	-0.010163760038057
0.71200001239777	-0.010439745183467
0.71600002050400	-0.010710113218035
0.72000002861023	-0.010973805941007
0.72399997711182	-0.011230517816998
0.72799998521805	-0.011478046472004
0.73199999332428	-0.011717800528415
0.73600000143051	-0.011948008545448
0.74000000953674	-0.012169539063454
0.74400001764297	-0.012381172487313
0.74800002574921	-0.012583162136101
0.75199997425079	-0.012773772530272
0.75599998235703	-0.012953782577914
0.75999999046326	-0.013121424540830
0.76399999856949	-0.013278485221291
0.76800000667572	-0.013423214632945
0.77200001478195	-0.013557416341477
0.77600002288818	-0.013678694682286
0.77999997138977	-0.013787424743187
0.78399997949600	-0.013883154622622
0.78799998760223	-0.013967239209740
0.79199999570847	-0.014037878643761
0.79600000381470	-0.014096259874361
0.80000001192093	-0.014141588387406
0.80400002002716	-0.014174532312082
0.80800002813339	-0.014195355731547
0.81199997663498	-0.014203729614157
0.81599998474121	-0.014199826412348
0.81999999284744	-0.014183362098868
0.82400000095367	-0.014155539690439
0.82800000905991	-0.014117021596929
0.83200001716614	-0.014066524537661
0.83600002527237	-0.014006247339706
0.83999997377396	-0.013934812282434
0.84399998188019	-0.013854463013048
0.84799998998642	-0.013763364011057
0.85199999809265	-0.013664759534863
0.85600000619888	-0.013556746612462
0.86000001430511	-0.013441071164936
0.86400002241135	-0.013319443972912
0.86799997091293	-0.013190630520974
0.87199997901917	-0.013055709133910
0.87599998712540	-0.012916524540611
0.87999999523163	-0.012772125290537
0.88400000333786	-0.012624347547549
0.88800001144409	-0.012475405821260
0.89200001955032	-0.012323035870553
0.89600002765656	-0.012169444140800
0.89999997615814	-0.012015885506855
0.90399998426437	-0.011863169745307
0.90799999237061	-0.011712481926260
0.91200000047684	-0.011563179151757
0.91600000858307	-0.011417382089343
0.92000001668930	-0.011276045781665
0.92400002479553	-0.011139869975503
0.92799997329712	-0.011010650732091
0.93199998140335	-0.010888334174203
0.93599998950958	-0.010773077684440
0.93999999761581	-0.010667302027802
0.94400000572205	-0.010572891621813
0.94800001382828	-0.010487989056610
0.95200002193451	-0.010415208516440
0.95599997043610	-0.010355897364755
0.95999997854233	-0.010309697570489
0.96399998664856	-0.010277855556671
0.96799999475479	-0.010262082525676
0.97200000286102	-0.010262220230593
0.97600001096725	-0.010279884533606
0.98000001907349	-0.010314851280965
0.98400002717972	-0.010369669658003
0.98799997568130	-0.010443754585134
0.99199998378754	-0.010538090738413
0.99599999189377	-0.010652666666843
1.0000000000000	-0.010789896792875
1.0039999485016	-0.010949344713357
1.0080000162125	-0.011132145892994
1.0119999647141	-0.011337443257905
1.0160000324249	-0.011567090235742
1.0199999809265	-0.011822160580119
1.0240000486374	-0.012099738206601
1.0279999971390	-0.012404747508580
1.0319999456406	-0.012734716755646
1.0360000133514	-0.013090733944425
1.0399999618530	-0.013472375765858
1.0440000295639	-0.013880513741594
1.0479999780655	-0.014316108214573
1.0520000457764	-0.014777087126275
1.0559999942780	-0.015264861606590
1.0599999427795	-0.015779149991583
1.0640000104904	-0.016320368801364
1.0679999589920	-0.016887951427825
1.0720000267029	-0.017481776948546
1.0759999752045	-0.018101841272150
1.0800000429153	-0.018746401580234
1.0839999914169	-0.019416464343073
1.0880000591278	-0.020112829537463
1.0920000076294	-0.020832545609944
1.0959999561310	-0.021576673974909
1.1000000238419	-0.022343546534990
1.1039999723434	-0.023134369478951
1.1080000400543	-0.023947435419347
1.1119999885559	-0.024780425144470
1.1160000562668	-0.025636019774781
1.1200000047684	-0.026511455929117
1.1239999532700	-0.027405685774338
1.1280000209808	-0.028317883070827
1.1319999694824	-0.029248735927177
1.1360000371933	-0.030195212868881
1.1399999856949	-0.031156838470915
1.1440000534058	-0.032134038218563
1.1480000019073	-0.033124762440886
1.1519999504089	-0.034127554476700
1.1560000181198	-0.035141427635405
1.1599999666214	-0.036166311265880
1.1640000343323	-0.037200634253629
1.1679999828339	-0.038242100389102
1.1720000505447	-0.039292103276905
1.1759999990463	-0.040346661044924
1.1799999475479	-0.041406932410500
1.1840000152588	-0.042470479216748
1.1879999637604	-0.043535964491459
1.1920000314713	-0.044603424417835
1.1959999799728	-0.045671243362875
1.2000000476837	-0.046738195609998
1.2039999961853	-0.047802739841614
1.2079999446869	-0.048864608341659
1.2120000123978	-0.049921361161498
1.2159999608994	-0.050974569241579
1.2200000286102	-0.052021405548526
1.2239999771118	-0.053060679784751
1.2280000448227	-0.054091978096824
1.2319999933243	-0.055114386600821
1.2359999418259	-0.056127747312163
1.2400000095367	-0.057130542717304
1.2439999580383	-0.058122601064437
1.2480000257492	-0.059102175636269
1.2519999742508	-0.060069453067402
1.2560000419617	-0.061023434417030
1.2599999904633	-0.061964951908989
1.2640000581741	-0.062892397964328
1.2680000066757	-0.063804728206349
1.2719999551773	-0.064703495234923
1.2760000228882	-0.065587623602545
1.2799999713898	-0.066456307070165
1.2840000391006	-0.067310265934449
1.2879999876022	-0.068149435902791
1.2920000553131	-0.068974397623454
1.2960000038147	-0.069784568025028
1.2999999523163	-0.070580005777331
1.3040000200272	-0.071362493791884
1.3079999685287	-0.072130227378953
1.3120000362396	-0.072885326051275
1.3159999847412	-0.073629714417865
1.3200000524521	-0.074361320972557
1.3240000009537	-0.075082883073669
1.3279999494553	-0.075793824012094
1.3320000171661	-0.076496402993543
1.3359999656677	-0.077191224078744
1.3400000333786	-0.077879019124751
1.3439999818802	-0.078560606336895
1.3480000495911	-0.079240441403925
1.3519999980927	-0.079916058376477
1.3559999465942	-0.080591127240137
1.3600000143051	-0.081266271346632
1.3639999628067	-0.081943625151995
1.3680000305176	-0.082624094091264
1.3719999790192	-0.083310825582529
1.3760000467300	-0.084003876765010
1.3799999952316	-0.084708430242749
1.3839999437332	-0.085422024164766
1.3880000114441	-0.086150161232663
1.3919999599457	-0.086893620915093
1.3960000276566	-0.087654690465751
1.3999999761581	-0.088435619145330
1.4040000438690	-0.089239125866559
1.4079999923706	-0.090066139612236
1.4119999408722	-0.090920497531494
1.4160000085831	-0.091802748281001
1.4199999570847	-0.092717862210390
1.4240000247955	-0.093666230562329
1.4279999732971	-0.094651390313401
1.4320000410080	-0.095675573145137
1.4359999895096	-0.096740648250417
1.4400000572205	-0.097849061064879
1.4440000057220	-0.099003593359611
1.4479999542236	-0.10020666911613
1.4520000219345	-0.10146185357532
1.4559999704361	-0.10276968831795
1.4600000381470	-0.10413339716323
1.4639999866486	-0.10555629290276
1.4680000543594	-0.10704007235895
1.4720000028610	-0.10858513547788
1.4759999513626	-0.11019644075148
1.4800000190735	-0.11187622210851
1.4839999675751	-0.11362607667360
1.4880000352859	-0.11544626407214
1.4919999837875	-0.11734190410003
1.4960000514984	-0.11931274402710
1.5000000000000	-0.12136357460633
1.5039999485016	-0.12349314937066
1.5080000162125	-0.12570334416456
1.5119999647141	-0.12799826298024
1.5160000324249	-0.13037985372432
1.5199999809265	-0.13284779434994
1.5240000486374	-0.13540314152678
1.5279999971390	-0.13804954952313
1.5319999456406	-0.14078613454731
1.5360000133514	-0.14361600287933
1.5399999618530	-0.14654047263621
1.5440000295639	-0.14955927634806
1.5479999780655	-0.15267333768765
1.5520000457764	-0.15588429927648
1.5559999942780	-0.15919347461764
1.5599999427795	-0.16260016635292
1.5640000104904	-0.16610533416376
1.5679999589920	-0.16971157823002
1.5720000267029	-0.17341479371750
1.5759999752045	-0.17721877345706
1.5800000429153	-0.18112383752924
1.5839999914169	-0.18512925020491
1.5880000591278	-0.18923308071880
1.5920000076294	-0.19343905653380
1.5959999561310	-0.19774335764877
1.6000000238419	-0.20214779348071
1.6039999723434	-0.20665193965032
1.6080000400543	-0.21125523381202
1.6119999885559	-0.21595491045106
1.6160000562668	-0.22075466315712
1.6200000047684	-0.22564950721945
1.6239999532700	-0.23064152163258
1.6280000209808	-0.23572861547889
1.6319999694824	-0.24091049016662
1.6360000371933	-0.24618549434322
1.6399999856949	-0.25155400978171
1.6440000534058	-0.25701360769205
1.6480000019073	-0.26256419660682
1.6519999504089	-0.26820472819691
1.6560000181198	-0.27393289948732
1.6599999666214	-0.27975019769402
1.6640000343323	-0.28565202641078
1.6679999828339	-0.29163956773500
1.6720000505447	-0.29771203448633
1.6759999990463	-0.30386645435307
1.6799999475479	-0.31010334465000
1.6840000152588	-0.31642200330917
1.6879999637604	-0.32282133288521
1.6920000314713	-0.32929808189320
1.6959999799728	-0.33585433743297
1.7000000476837	-0.34248725960341
1.7039999961853	-0.34919810315716
1.7079999446869	-0.35598637336248
1.7120000123978	-0.36284904721311
1.7159999608994	-0.36978782888889
1.7200000286102	-0.37680199761134
1.7239999771118	-0.38389266523466
1.7280000448227	-0.39105750571609
1.7319999933243	-0.39829903321246
1.7359999418259	-0.40561543725313
1.7400000095367	-0.41300791952297
1.7439999580383	-0.42047955522539
1.7480000257492	-0.42802820691493
1.7519999742508	-0.43565538421511
1.7560000419617	-0.44336478969537
1.7599999904633	-0.45115653222906
1.7640000581741	-0.45903182261857
1.7680000066757	-0.46699283235765
1.7719999551773	-0.47504242694120
1.7760000228882	-0.48318257010762
1.7799999713898	-0.49141824799355
1.7840000391006	-0.49974947873080
1.7879999876022	-0.50818063095725
1.7920000553131	-0.51671622622487
1.7960000038147	-0.52536018211450
1.7999999523163	-0.53411674201605
1.8040000200272	-0.54298763692104
1.8079999685287	-0.55198146087417
1.8120000362396	-0.56110156375685
1.8159999847412	-0.57035429006542
1.8200000524521	-0.57974425089443
1.8240000009537	-0.58927901746914
1.8279999494553	-0.59896330557813
1.8320000171661	-0.60880668377769
1.8359999656677	-0.61881395212918
1.8400000333786	-0.62899325923949
1.8439999818802	-0.63935254207296
1.8480000495911	-0.64990048061245
1.8519999980927	-0.66064398493571
1.8559999465942	-0.67159378625164
1.8600000143051	-0.68275834592716
1.8639999628067	-0.69414675019518
1.8680000305176	-0.70577041085758
1.8719999790192	-0.71763686420940
1.8760000467300	-0.72975920698712
1.8799999952316	-0.74214811356887
1.8839999437332	-0.75481306132764
1.8880000114441	-0.76776634256994
1.8919999599457	-0.78102165749850
1.8960000276566	-0.79458856209476
1.8999999761581	-0.80848142797063
1.9040000438690	-0.82271202934586
1.9079999923706	-0.83729475971956
1.9119999408722	-0.85224178114555
1.9160000085831	-0.86756837638434
1.9199999570847	-0.88328675279445
1.9240000247955	-0.89941331860544
1.9279999732971	-0.91596219050318
1.9320000410080	-0.93294566915906
1.9359999895096	-0.95038272250077
1.9400000572205	-0.96828690819371
1.9440000057220	-0.98667479891140
1.9479999542236	-1.0055636130452
1.9520000219345	-1.0249663254654
1.9559999704361	-1.0449023430446
1.9600000381470	-1.0653875026979
1.9639999866486	-1.0864387380718
1.9680000543594	-1.1080748859852
1.9720000028610	-1.1303108509334
1.9759999513626	-1.1531661417678
1.9800000190735	-1.1766610183430
1.9839999675751	-1.2008092709385
1.9880000352859	-1.2256325197812
1.9919999837875	-1.2511492241267
1.9960000514984	-1.2773774045205
2.0000000000000	-1.3043363872116
2.0039999485016	-1.3320457932841
2.0079998970032	-1.3605263375761
2.0120000839233	-1.3897950279459
2.0160000324249	-1.4198761396225
2.0199999809265	-1.4507871407473
2.0239999294281	-1.4825489405238
2.0280001163483	-1.5151828884674
2.0320000648499	-1.5487088987357
2.0360000133514	-1.5831507117439
2.0399999618530	-1.6185265552175
2.0439999103546	-1.6548607460065
2.0480000972748	-1.6921739023644
2.0520000457764	-1.7304876409789
2.0559999942780	-1.7698257445279
2.0599999427795	-1.8102094659384
2.0639998912811	-1.8516631113771
2.0680000782013	-1.8942083726108
2.0720000267029	-1.9378709023042
2.0759999752045	-1.9826714032808
2.0799999237061	-2.0286356460927
2.0840001106262	-2.0757880785357
2.0880000591278	-2.1241518911246
2.0920000076294	-2.1737543687955
2.0959999561310	-2.2246173293558
2.0999999046326	-2.2767691291348
2.1040000915527	-2.3302352228927
2.1080000400543	-2.3850383365443
2.1119999885559	-2.4412101127479
2.1159999370575	-2.4987745706760
2.1199998855591	-2.5577593711670
2.1240000724792	-2.6181918492059
2.1280000209808	-2.6801024741881
2.1319999694824	-2.7435166279676
2.1359999179840	-2.8084646567737
2.1400001049042	-2.8749772005954
2.1440000534058	-2.9430811911334
2.1480000019073	-3.0128105497912
2.1519999504089	-3.0841943900833
2.1559998989105	-3.1572640005741
2.1600000858307	-3.2320523081884
2.1640000343323	-3.3085914963723
2.1679999828339	-3.3869148439854
2.1719999313354	-3.4670546954731
2.1760001182556	-3.5490476804806
2.1800000667572	-3.6329283519818
2.1840000152588	-3.7187314177141
2.1879999637604	-3.8064930589741
2.1919999122620	-3.8962518051631
2.1960000991821	-3.9880443959800
2.2000000476837	-4.0819091669593
2.2039999961853	-4.1778876959002
2.2079999446869	-4.2760164571697
2.2119998931885	-4.3763372459302
2.2160000801086	-4.4788920553885
2.2200000286102	-4.5837218048168
2.2239999771118	-4.6908722811682
2.2279999256134	-4.8003842833831
2.2320001125336	-4.9123014565089
2.2360000610352	-5.0266716259844
2.2400000095367	-5.1435401371121
2.2439999580383	-5.2629513612944
2.2479999065399	-5.3849531149405
2.2520000934601	-5.5095929234315
2.2560000419617	-5.6369200478761
2.2599999904633	-5.7669782767397
2.2639999389648	-5.8998198720254
2.2679998874664	-6.0354902992035
2.2720000743866	-6.1740402738979
2.2760000228882	-6.3155154577818
2.2799999713898	-6.4599634897150
2.2839999198914	-6.6074310222554
2.2880001068115	-6.7579613187950
2.2920000553131	-6.9115993444423
2.2960000038147	-7.0683846033573
2.2999999523163	-7.2283566274901
2.3039999008179	-7.3915504432436
2.3080000877380	-7.5579933739519
2.3120000362396	-7.7277158830438
2.3159999847412	-7.9007319912861
2.3199999332428	-8.0770566848670
2.3239998817444	-8.2566930859871
2.3280000686646	-8.4396338620518
2.3320000171661	-8.6258590401999
2.3359999656677	-8.8153373467083
2.3399999141693	-9.0080160498243
2.3440001010895	-9.2038247289023
2.3480000495911	-9.4026718331844
2.3519999980927	-9.6044407393398
2.3559999465942	-9.8089782186066
2.3599998950958	-10.016102811506
2.3640000820160	-10.225590243636
2.3680000305176	-10.437169680450
2.3719999790192	-10.650520348998
2.3759999275208	-10.865264214685
2.3800001144409	-11.080952925624
2.3840000629425	-11.297068813184
2.3880000114441	-11.513016271768
2.3919999599457	-11.728109853409
2.3959999084473	-11.941567671666
2.4000000953674	-12.152512337785
2.4040000438690	-12.359960360181
2.4079999923706	-12.562821856210
2.4119999408722	-12.759907727990
2.4159998893738	-12.949927407621
2.4200000762939	-13.131507432501
2.4240000247955	-13.303202917727
2.4279999732971	-13.463529005707
2.4319999217987	-13.610983148168
2.4360001087189	-13.744089038305
2.4400000572205	-13.861441791000
2.4440000057220	-13.961744936182
2.4479999542236	-14.043871573664
2.4519999027252	-14.106898772671
2.4560000896454	-14.150152822465
2.4600000381470	-14.173242170640
2.4639999866486	-14.176069174339
2.4679999351501	-14.158839224603
2.4719998836517	-14.122050578274
2.4760000705719	-14.066470659176
2.4800000190735	-13.993100257244
2.4839999675751	-13.903134184998
2.4879999160767	-13.797908352425
2.4920001029968	-13.678859770067
2.4960000514984	-13.547478382144
2.5000000000000	-13.405258696340
2.5039999485016	-13.253674019358
2.5079998970032	-13.094139029591
2.5120000839233	-12.928000092252
2.5160000324249	-12.756504911201
2.5199999809265	-12.580805353108
2.5239999294281	-12.401946922965
2.5280001163483	-12.220872628539
2.5320000648499	-12.038419335604
2.5360000133514	-11.855332227660
2.5399999618530	-11.672254714698
2.5439999103546	-11.489753619859
2.5480000972748	-11.308315677821
2.5520000457764	-11.128357736086
2.5559999942780	-10.950231907947
2.5599999427795	-10.774236310196
2.5639998912811	-10.600622209419
2.5680000782013	-10.429590006919
2.5720000267029	-10.261309321045
2.5759999752045	-10.095910868608
2.5799999237061	-9.9335005825019
2.5840001106262	-9.7741577988058
2.5880000591278	-9.6179403173689
2.5920000076294	-9.4648871898549
2.5959999561310	-9.3150214602417
2.5999999046326	-9.1683500446155
2.6040000915527	-9.0248734991987
2.6080000400543	-8.8845813876191
2.6119999885559	-8.7474490511680
2.6159999370575	-8.6134515711133
2.6199998855591	-8.4825559030150
2.6240000724792	-8.3547217986585
2.6280000209808	-8.2299080270921
2.6319999694824	-8.1080686980607
2.6359999179840	-7.9891556247749
2.6400001049042	-7.8731200779391
2.6440000534058	-7.7599049505875
2.6480000019073	-7.6494611593815
2.6519999504089	-7.5417308520427
2.6559998989105	-7.4366608164112
2.6600000858307	-7.3341933168400
2.6640000343323	-7.2342745561859
2.6679999828339	-7.1368455984003
2.6719999313354	-7.0418532477978
2.6760001182556	-6.9492385784085
2.6800000667572	-6.8589475938626
2.6840000152588	-6.7709227286151
2.6879999637604	-6.6851114870220
2.6919999122620	-6.6014581561916
2.6960000991821	-6.5199084113605
2.7000000476837	-6.4404095763719
2.7039999961853	-6.3629077965517
2.7079999446869	-6.2873519322338
2.7119998931885	-6.2136887099229
2.7160000801086	-6.1418666174811
2.7200000286102	-6.0718384603289
2.7239999771118	-6.0035517274909
2.7279999256134	-5.9369575506821
2.7320001125336	-5.8720084312829
2.7360000610352	-5.8086540768506
2.7400000095367	-5.7468504106888
2.7439999580383	-5.6865480566281
2.7479999065399	-5.6277042978323
2.7520000934601	-5.5702707032777
2.7560000419617	-5.5142047608210
2.7599999904633	-5.4594623994549
2.7639999389648	-5.4059983577015
2.7679998874664	-5.3537716101189
2.7720000743866	-5.3027408942744
2.7760000228882	-5.2528642290826
2.7799999713898	-5.2041001893427
2.7839999198914	-5.1564094838153
2.7880001068115	-5.1097542144013
2.7920000553131	-5.0640934181040
2.7960000038147	-5.0193901130892
2.7999999523163	-4.9756092283055
2.8039999008179	-4.9327109690289
2.8080000877380	-4.8906627517142
2.8120000362396	-4.8494272355771
2.8159999847412	-4.8089715346271
2.8199999332428	-4.7692620605125
2.8239998817444	-4.7302671131699
2.8280000686646	-4.6919536189913
2.8320000171661	-4.6542908015370
2.8359999656677	-4.6172493124036
2.8399999141693	-4.5807989948511
2.8440001010895	-4.5449127486868
2.8480000495911	-4.5095630320931
2.8519999980927	-4.4747212554036
2.8559999465942	-4.4403648250150
2.8599998950958	-4.4064639128214
2.8640000820160	-4.3730004187447
2.8680000305176	-4.3399480651899
2.8719999790192	-4.3072857428651
2.8759999275208	-4.2749924253073
2.8800001144409	-4.2430484876178
2.8840000629425	-4.2114347069927
2.8880000114441	-4.1801321886522
2.8919999599457	-4.1491242279629
2.8959999084473	-4.1183973698137
2.9000000953674	-4.0879317040436
2.9040000438690	-4.0577178914028
2.9079999923706	-4.0277394422861
2.9119999408722	-3.9979855705716
2.9159998893738	-3.9684463072626
2.9200000762939	-3.9391080583270
2.9240000247955	-3.9099666152916
2.9279999732971	-3.8810100949613
2.9319999217987	-3.8522321601449
2.9360001087189	-3.8236274896208
2.9400000572205	-3.7951884643309
2.9440000057220	-3.7669114574481
2.9479999542236	-3.7387937280987
2.9519999027252	-3.7108307921913
2.9560000896454	-3.6830236760096
2.9600000381470	-3.6553685902329
2.9639999866486	-3.6278639264194
2.9679999351501	-3.6005144479550
2.9719998836517	-3.5733168275100
2.9760000705719	-3.5462743428142
2.9800000190735	-3.5193896126115
2.9839999675751	-3.4926644810028
2.9879999160767	-3.4661041596823
2.9920001029968	-3.4397130029174
2.9960000514984	-3.4134923139137
3.0000000000000	-3.3874501851840
3.0039999485016	-3.3615912074534
3.0079998970032	-3.3359217839021
3.0120000839233	-3.3104482621835
3.0160000324249	-3.2851762723854
3.0199999809265	-3.2601122642108
3.0239999294281	-3.2352665567310
3.0280001163483	-3.2106432077838
3.0320000648499	-3.1862520458435
3.0360000133514	-3.1620989973487
3.0399999618530	-3.1381942894301
3.0439999103546	-3.1145431405291
3.0480000972748	-3.0911555248090
3.0520000457764	-3.0680391864070
3.0559999942780	-3.0452008094091
3.0599999427795	-3.0226506577254
3.0639998912811	-3.0003945266080
3.0680000782013	-2.9784415286952
3.0720000267029	-2.9567984378662
3.0759999752045	-2.9354733433967
3.0799999237061	-2.9144733371734
3.0840001106262	-2.8938070059530
3.0880000591278	-2.8734780019580
3.0920000076294	-2.8534948203358
3.0959999561310	-2.8338645402440
3.0999999046326	-2.8145908389720
3.1040000915527	-2.7956822825136
3.1080000400543	-2.7771407416842
3.1119999885559	-2.7589752639965
3.1159999370575	-2.7411865276318
3.1199998855591	-2.7237806752241
3.1240000724792	-2.7067612078657
3.1280000209808	-2.6901319583337
3.1319999694824	-2.6738948791770
3.1359999179840	-2.6580510839131
3.1400001049042	-2.6426066327793
3.1440000534058	-2.6275579744008
3.1480000019073	-2.6129097203493
3.1519999504089	-2.5986612203752
3.1559998989105	-2.5848119844481
3.1600000858307	-2.5713621283588
3.1640000343323	-2.5583107236401
3.1679999828339	-2.5456545514713
3.1719999313354	-2.5333952825002
3.1760001182556	-2.5215259868101
3.1800000667572	-2.5100465932258
3.1840000152588	-2.4989511031823
3.1879999637604	-2.4882386236537
3.1919999122620	-2.4779014438675
3.1960000991821	-2.4679357594015
3.2000000476837	-2.4583359745171
3.2039999961853	-2.4490956326285
3.2079999446869	-2.4402085775465
3.2119998931885	-2.4316672566025
3.2160000801086	-2.4234634543443
3.2200000286102	-2.4155914182102
3.2239999771118	-2.4080394236479
3.2279999256134	-2.4008017203655
3.2320001125336	-2.3938655024214
3.2360000610352	-2.3872248066582
3.2400000095367	-2.3808668445175
3.2439999580383	-2.3747808101242
3.2479999065399	-2.3689575883846
3.2520000934601	-2.3633849510701
3.2560000419617	-2.3580508877972
3.2599999904633	-2.3529441376399
3.2639999389648	-2.3480532866357
3.2679998874664	-2.3433648449861
3.2720000743866	-2.3388649486777
3.2760000228882	-2.3345433440942
3.2799999713898	-2.3303852547479
3.2839999198914	-2.3263779110903
3.2880001068115	-2.3225069375338
3.2920000553131	-2.3187613717445
3.2960000038147	-2.3151257212608
3.2999999523163	-2.3115852797075
3.3039999008179	-2.3081294939062
3.3080000877380	-2.3047426893975
3.3120000362396	-2.3014124278156
3.3159999847412	-2.2981239456157
3.3199999332428	-2.2948650733040
3.3239998817444	-2.2916218905197
3.3280000686646	-2.2883824307918
3.3320000171661	-2.2851321416127
3.3359999656677	-2.2818599905177
3.3399999141693	-2.2785528835248
3.3440001010895	-2.2751991879520
3.3480000495911	-2.2717873109849
3.3519999980927	-2.2683063295603
3.3559999465942	-2.2647440609604
3.3599998950958	-2.2610916072977
3.3640000820160	-2.2573362436469
3.3680000305176	-2.2534718611578
3.3719999790192	-2.2494876042362
3.3759999275208	-2.2453747674930
3.3800001144409	-2.2411254482596
3.3840000629425	-2.2367337381728
3.3880000114441	-2.2321913001827
3.3919999599457	-2.2274938905057
3.3959999084473	-2.2226332071445
3.4000000953674	-2.2176069611345
3.4040000438690	-2.2124087504850
3.4079999923706	-2.2070367423764
3.4119999408722	-2.2014883893542
3.4159998893738	-2.1957605175258
3.4200000762939	-2.1898508929671
3.4240000247955	-2.1837616137040
3.4279999732971	-2.1774890175247
3.4319999217987	-2.1710379131936
3.4360001087189	-2.1644048886928
3.4400000572205	-2.1575967035602
3.4440000057220	-2.1506117650939
3.4479999542236	-2.1434563397105
3.4519999027252	-2.1361345494836
3.4560000896454	-2.1286497474607
3.4600000381470	-2.1210071846608
3.4639999866486	-2.1132145532771
3.4679999351501	-2.1052761808401
3.4719998836517	-2.0972001360423
3.4760000705719	-2.0889950491691
3.4800000190735	-2.0806674258640
3.4839999675751	-2.0722275031403
3.4879999160767	-2.0636821299236
3.4920001029968	-2.0550438756778
3.4960000514984	-2.0463192414400
3.5000000000000	-2.0375210875384
3.5039999485016	-2.0286582336720
3.5079998970032	-2.0197438511239
3.5120000839233	-2.0107870381720
3.5160000324249	-2.0018006314470
3.5199999809265	-1.9927960098585
3.5239999294281	-1.9837856700548
3.5280001163483	-1.9747786998242
3.5320000648499	-1.9657918324310
3.5360000133514	-1.9568338504916
3.5399999618530	-1.9479198461721
3.5439999103546	-1.9390570405715
3.5480000972748	-1.9302634816343
3.5520000457764	-1.9215461312928
3.5559999942780	-1.9129215046505
3.5599999427795	-1.9043995289484
3.5639998912811	-1.8959913576828
3.5680000782013	-1.8877093215287
3.5720000267029	-1.8795650449513
3.5759999752045	-1.8715700568141
3.5799999237061	-1.8637345660851
3.5840001106262	-1.8560680869791
3.5880000591278	-1.8485820282912
3.5920000076294	-1.8412858610609
3.5959999561310	-1.8341903169528
3.5999999046326	-1.8273029446809
3.6040000915527	-1.8206338622234
3.6080000400543	-1.8141906600890
3.6119999885559	-1.8079803379601
3.6159999370575	-1.8020112239935
3.6199998855591	-1.7962904321441
3.6240000724792	-1.7908232465343
3.6280000209808	-1.7856169456651
3.6319999694824	-1.7806738164981
3.6359999179840	-1.7760026076768
3.6400001049042	-1.7716045573378
3.6440000534058	-1.7674848376584
3.6480000019073	-1.7636455756615
3.6519999504089	-1.7600890364426
3.6559998989105	-1.7568176222292
3.6600000858307	-1.7538319816649
3.6640000343323	-1.7511322790751
3.6679999828339	-1.7487200947306
3.6719999313354	-1.7465939971214
3.6760001182556	-1.7447508093412
3.6800000667572	-1.7431919384006
3.6840000152588	-1.7419119814543
3.6879999637604	-1.7409101152105
3.6919999122620	-1.7401812337768
3.6960000991821	-1.7397197413072
3.7000000476837	-1.7395233418157
3.7039999961853	-1.7395848103001
3.7079999446869	-1.7398983114364
3.7119998931885	-1.7404587596710
3.7160000801086	-1.7412548527139
3.7200000286102	-1.7422829792910
3.7239999771118	-1.7435313950593
3.7279999256134	-1.7449928639271
3.7320001125336	-1.7466570580768
3.7360000610352	-1.7485156068929
3.7400000095367	-1.7505570241072
3.7439999580383	-1.7527704936664
3.7479999065399	-1.7551433245667
3.7520000934601	-1.7576666425003
3.7560000419617	-1.7603246058411
3.7599999904633	-1.7631083375941
3.7639999389648	-1.7660032351505
3.7679998874664	-1.7689959341562
3.7720000743866	-1.7720742996179
3.7760000228882	-1.7752242424936
3.7799999713898	-1.7784303465747
3.7839999198914	-1.7816809295041
3.7880001068115	-1.7849610635524
3.7920000553131	-1.7882544623859
3.7960000038147	-1.7915491940629
3.7999999523163	-1.7948313235277
3.8039999008179	-1.7980849099417
3.8080000877380	-1.8012957999925
3.8120000362396	-1.8044491048003
3.8159999847412	-1.8075329921625
3.8199999332428	-1.8105316938557
3.8239998817444	-1.8134312411298
3.8280000686646	-1.8162194430152
3.8320000171661	-1.8188820939010
3.8359999656677	-1.8214067714795
3.8399999141693	-1.8237815676887
3.8440001010895	-1.8259938290999
3.8480000495911	-1.8280308031631
3.8519999980927	-1.8298834299169
3.8559999465942	-1.8315393656249
3.8599998950958	-1.8329899998896
3.8640000820160	-1.8342253429079
3.8680000305176	-1.8352346841033
3.8719999790192	-1.8360129458448
3.8759999275208	-1.8365505328770
3.8800001144409	-1.8368415912199
3.8840000629425	-1.8368795500308
3.8880000114441	-1.8366596927121
3.8919999599457	-1.8361759668070
3.8959999084473	-1.8354280159520
3.9000000953674	-1.8344103087361
3.9040000438690	-1.8331198328803
3.9079999923706	-1.8315586241545
3.9119999408722	-1.8297242441657
3.9159998893738	-1.8276180006158
3.9200000762939	-1.8252405566262
3.9240000247955	-1.8225938352327
3.9279999732971	-1.8196828571132
3.9319999217987	-1.8165094965947
3.9360001087189	-1.8130793971013
3.9400000572205	-1.8093981628467
3.9440000057220	-1.8054720267663
3.9479999542236	-1.8013084534061
3.9519999027252	-1.7969136183222
3.9560000896454	-1.7922981570986
3.9600000381470	-1.7874707074971
3.9639999866486	-1.7824405615672
3.9679999351501	-1.7772207951219
3.9719998836517	-1.7718200002202
3.9760000705719	-1.7662505685162
3.9800000190735	-1.7605273681216
3.9839999675751	-1.7546601989444
3.9879999160767	-1.7486645282202
3.9920001029968	-1.7425533033083
3.9960000514984	-1.7363406619100
4.0000000000000	-1.7300426454932