#Parameters = {L=32; e=0.035; h=1.6; i=0.88; l1=2; ls=100; wl=1.7; ws=20}
#"Frequency / GHz"	"S1,1 (2) [Magnitude]"
#----------------------------------------
0.0000000000000	-0.023185398024585
0.0040000001899898	-0.023174253704871
0.0080000003799796	-0.023139260719364
0.012000000104308	-0.023080410930033
0.016000000759959	-0.022999248115025
0.019999999552965	-0.022894196042534
0.024000000208616	-0.022766268657503
0.028000000864267	-0.022616474681791
0.032000001519918	-0.022443741222434
0.035999998450279	-0.022249585512659
0.039999999105930	-0.022033443867203
0.043999999761581	-0.021795785175545
0.048000000417233	-0.021538631263660
0.052000001072884	-0.021260884845951
0.056000001728535	-0.020963519652385
0.059999998658895	-0.020647506145764
0.064000003039837	-0.020312771515437
0.068000003695488	-0.019960795647728
0.071999996900558	-0.019591499277659
0.075999997556210	-0.019206354191718
0.079999998211861	-0.018804753764119
0.083999998867512	-0.018389203362760
0.087999999523163	-0.017960126335766
0.092000000178814	-0.017519501942375
0.096000000834465	-0.017065155372606
0.10000000149012	-0.016599061557019
0.10400000214577	-0.016123709254528
0.10800000280142	-0.015639513280938
0.11200000345707	-0.015146885691870
0.11599999666214	-0.014646234641658
0.11999999731779	-0.014140048075363
0.12399999797344	-0.013628732737697
0.12800000607967	-0.013113215952980
0.13199999928474	-0.012593388087992
0.13600000739098	-0.012073288672720
0.14000000059605	-0.011550733798319
0.14399999380112	-0.011029242918391
0.14800000190735	-0.010508709812692
0.15199999511242	-0.0099895485224133
0.15600000321865	-0.0094737258500469
0.15999999642372	-0.0089632152483230
0.16400000452995	-0.0084568778759627
0.16799999773502	-0.0079566936613918
0.17200000584126	-0.0074641203180198
0.17599999904633	-0.0069811398805864
0.18000000715256	-0.0065055925652257
0.18400000035763	-0.0060415406699629
0.18799999356270	-0.0055868309538814
0.19200000166893	-0.0051465697024899
0.19599999487400	-0.0047180938390133
0.20000000298023	-0.0043034122911837
0.20399999618530	-0.0039034981698145
0.20800000429153	-0.0035198478802716
0.21199999749660	-0.0031513760915343
0.21600000560284	-0.0028011459245802
0.21999999880791	-0.0024691097583183
0.22400000691414	-0.0021542163465088
0.22800000011921	-0.0018595254792286
0.23199999332428	-0.0015845059548399
0.23600000143051	-0.0013301715554900
0.23999999463558	-0.0010960048461200
0.24400000274181	-0.00088405595163602
0.24799999594688	-0.00069279860313471
0.25200000405312	-0.00052585528555956
0.25600001215935	-0.00038012662690783
0.25999999046326	-0.00025771041011776
0.26399999856949	-0.00015915077460601
0.26800000667572	-8.3449031341501e-05
0.27200001478195	-3.1681218736171e-05
0.27599999308586	-2.8596771520933e-06
0.28000000119209	-1.3424534010598e-07
0.28400000929832	-1.9931988457183e-05
0.28799998760223	-6.4914191061159e-05
0.29199999570847	-0.00013308384536895
0.29600000381470	-0.00022450040188550
0.30000001192093	-0.00034132007889841
0.30399999022484	-0.00048154440665816
0.30799999833107	-0.00064424193595684
0.31200000643730	-0.00083102011507635
0.31600001454353	-0.0010394312007345
0.31999999284744	-0.0012715947151799
0.32400000095367	-0.0015245529485455
0.32800000905991	-0.0017999189294410
0.33199998736382	-0.0020957430960145
0.33599999547005	-0.0024126430229106
0.34000000357628	-0.0027496955792724
0.34400001168251	-0.0031049456098212
0.34799998998642	-0.0034795317101525
0.35199999809265	-0.0038714787214974
0.35600000619888	-0.0042824614131471
0.36000001430511	-0.0047094678798432
0.36399999260902	-0.0051510702708814
0.36800000071526	-0.0056078882102867
0.37200000882149	-0.0060784480217183
0.37599998712540	-0.0065623451170067
0.37999999523163	-0.0070586480809688
0.38400000333786	-0.0075658823950739
0.38800001144409	-0.0080831130923007
0.39199998974800	-0.0086099057204378
0.39599999785423	-0.0091452887305330
0.40000000596046	-0.0096872792233272
0.40400001406670	-0.010235919322921
0.40799999237061	-0.010789758622591
0.41200000047684	-0.011348831819271
0.41600000858307	-0.011908513320730
0.41999998688698	-0.012471474853505
0.42399999499321	-0.013035076988062
0.42800000309944	-0.013598393291316
0.43200001120567	-0.014159348322448
0.43599998950958	-0.014718946652523
0.43999999761581	-0.015274135076202
0.44400000572205	-0.015825841776459
0.44800001382828	-0.016370533319382
0.45199999213219	-0.016909169382571
0.45600000023842	-0.017440138448377
0.46000000834465	-0.017961293618054
0.46399998664856	-0.018473696925354
0.46799999475479	-0.018973580382395
0.47200000286102	-0.019461885093558
0.47600001096725	-0.019938560814471
0.47999998927116	-0.020399865778435
0.48399999737740	-0.020847202666517
0.48800000548363	-0.021278931624318
0.49200001358986	-0.021693308840248
0.49599999189377	-0.022091802574565
0.50000000000000	-0.022471100671601
0.50400000810623	-0.022832579942454
0.50800001621246	-0.023172979142713
0.51200002431870	-0.023494647184108
0.51599997282028	-0.023793309114092
0.51999998092651	-0.024072304852997
0.52399998903275	-0.024328885614559
0.52799999713898	-0.024562216829191
0.53200000524521	-0.024773100045240
0.53600001335144	-0.024959771990424
0.54000002145767	-0.025123578815428
0.54400002956390	-0.025262523965279
0.54799997806549	-0.025378517318503
0.55199998617172	-0.025468659222811
0.55599999427795	-0.025534201582719
0.56000000238419	-0.025574786503039
0.56400001049042	-0.025590210098150
0.56800001859665	-0.025581052752059
0.57200002670288	-0.025547073924848
0.57599997520447	-0.025487447071538
0.57999998331070	-0.025403772401024
0.58399999141693	-0.025295303179365
0.58799999952316	-0.025163281486286
0.59200000762939	-0.025005663420752
0.59600001573563	-0.024826298135688
0.60000002384186	-0.024622277392573
0.60399997234344	-0.024395784737396
0.60799998044968	-0.024147465877512
0.61199998855591	-0.023876965243375
0.61599999666214	-0.023586084430829
0.62000000476837	-0.023274837483540
0.62400001287460	-0.022942364857346
0.62800002098083	-0.022591491907272
0.63200002908707	-0.022222769470443
0.63599997758865	-0.021836440106468
0.63999998569489	-0.021433600520033
0.64399999380112	-0.021015069359992
0.64800000190735	-0.020581422086913
0.65200001001358	-0.020134402189414
0.65600001811981	-0.019674677993571
0.66000002622604	-0.019202404408297
0.66399997472763	-0.018719868983861
0.66799998283386	-0.018228284553120
0.67199999094009	-0.017727365892740
0.67599999904633	-0.017219301637871
0.68000000715256	-0.016706384996104
0.68400001525879	-0.016186320174296
0.68800002336502	-0.015663361097373
0.69199997186661	-0.015138354862036
0.69599997997284	-0.014611497571800
0.69999998807907	-0.014084050278393
0.70399999618530	-0.013559436813496
0.70800000429153	-0.013035316742988
0.71200001239777	-0.012516089155774
0.71600002050400	-0.012001576181402
0.72000002861023	-0.011491570364984
0.72399997711182	-0.010990935464666
0.72799998521805	-0.010498127933417
0.73199999332428	-0.010015457367460
0.73600000143051	-0.0095437182445950
0.74000000953674	-0.0090839502399513
0.74400001764297	-0.0086375134328995
0.74800002574921	-0.0082078717880029
0.75199997425079	-0.0077913550905772
0.75599998235703	-0.0073925292727396
0.75999999046326	-0.0070128493074408
0.76399999856949	-0.0066501929139344
0.76800000667572	-0.0063102279216141
0.77200001478195	-0.0059892032798231
0.77600002288818	-0.0056908160084148
0.77999997138977	-0.0054170656032945
0.78399997949600	-0.0051671782618848
0.78799998760223	-0.0049417299620927
0.79199999570847	-0.0047411573126693
0.79600000381470	-0.0045674418173197
0.80000001192093	-0.0044211327847750
0.80400002002716	-0.0043034198517236
0.80800002813339	-0.0042133643439033
0.81199997663498	-0.0041526003088312
0.81599998474121	-0.0041226969297186
0.81999999284744	-0.0041217340620541
0.82400000095367	-0.0041531375540094
0.82800000905991	-0.0042152214878133
0.83200001716614	-0.0043078652060704
0.83600002527237	-0.0044330945970968
0.83999997377396	-0.0045907340545671
0.84399998188019	-0.0047799057009314
0.84799998998642	-0.0050011586319794
0.85199999809265	-0.0052554098769467
0.85600000619888	-0.0055427244494483
0.86000001430511	-0.0058606147373254
0.86400002241135	-0.0062121576125184
0.86799997091293	-0.0065962968329190
0.87199997901917	-0.0070107911759825
0.87599998712540	-0.0074577976327587
0.87999999523163	-0.0079370740169717
0.88400000333786	-0.0084463294662156
0.88800001144409	-0.0089859471826584
0.89200001955032	-0.0095555955485548
0.89600002765656	-0.010155591855687
0.89999997615814	-0.010783829779645
0.90399998426437	-0.011440217431464
0.90799999237061	-0.012124068572048
0.91200000047684	-0.012835456331216
0.91600000858307	-0.013572148750641
0.92000001668930	-0.014333497113361
0.92400002479553	-0.015119746902096
0.92799997329712	-0.015929178826955
0.93199998140335	-0.016760417664409
0.93599998950958	-0.017613967003741
0.93999999761581	-0.018487551348585
0.94400000572205	-0.019379963639518
0.94800001382828	-0.020290082122118
0.95200002193451	-0.021217683898734
0.95599997043610	-0.022160015006659
0.95999997854233	-0.023118412396566
0.96399998664856	-0.024088235152310
0.96799999475479	-0.025071478245212
0.97200000286102	-0.026064484967705
0.97600001096725	-0.027067693201862
0.98000001907349	-0.028078658183916
0.98400002717972	-0.029096343690228
0.98799997568130	-0.030119050982621
0.99199998378754	-0.031145305863868
0.99599999189377	-0.032175799380901
1.0000000000000	-0.033206076708404
1.0039999485016	-0.034236599479181
1.0080000162125	-0.035266502588953
1.0119999647141	-0.036292247164890
1.0160000324249	-0.037315218316536
1.0199999809265	-0.038332627429425
1.0240000486374	-0.039343024663647
1.0279999971390	-0.040345540210107
1.0319999456406	-0.041339607523726
1.0360000133514	-0.042322067342933
1.0399999618530	-0.043293466277109
1.0440000295639	-0.044251700657597
1.0479999780655	-0.045196299173444
1.0520000457764	-0.046125242158729
1.0559999942780	-0.047037464354290
1.0599999427795	-0.047934055094179
1.0640000104904	-0.048811432382216
1.0679999589920	-0.049669908185036
1.0720000267029	-0.050508149149835
1.0759999752045	-0.051324815577317
1.0800000429153	-0.052121061406775
1.0839999914169	-0.052893866289321
1.0880000591278	-0.053643325589068
1.0920000076294	-0.054369169711002
1.0959999561310	-0.055070998140081
1.1000000238419	-0.055748253159729
1.1039999723434	-0.056399169264202
1.1080000400543	-0.057025252339007
1.1119999885559	-0.057625348471943
1.1160000562668	-0.058198179088919
1.1200000047684	-0.058745773164771
1.1239999532700	-0.059265889421026
1.1280000209808	-0.059761179858350
1.1319999694824	-0.060228796550979
1.1360000371933	-0.060670806403209
1.1399999856949	-0.061085737556034
1.1440000534058	-0.061474763923370
1.1480000019073	-0.061838291846747
1.1519999504089	-0.062176710800680
1.1560000181198	-0.062490287212439
1.1599999666214	-0.062780326914740
1.1640000343323	-0.063047163757174
1.1679999828339	-0.063290638559633
1.1720000505447	-0.063512842138647
1.1759999990463	-0.063712950833608
1.1799999475479	-0.063894912102655
1.1840000152588	-0.064054697574289
1.1879999637604	-0.064198759992309
1.1920000314713	-0.064324603843507
1.1959999799728	-0.064434852835346
1.2000000476837	-0.064530947341390
1.2039999961853	-0.064614198122655
1.2079999446869	-0.064684617511703
1.2120000123978	-0.064745448273924
1.2159999608994	-0.064798054116036
1.2200000286102	-0.064841787726385
1.2239999771118	-0.064881248829417
1.2280000448227	-0.064916692233252
1.2319999933243	-0.064949635753329
1.2359999418259	-0.064982394946425
1.2400000095367	-0.065015174875960
1.2439999580383	-0.065052593744468
1.2480000257492	-0.065094116973229
1.2519999742508	-0.065141766222169
1.2560000419617	-0.065200102350533
1.2599999904633	-0.065268442473631
1.2640000581741	-0.065349916381474
1.2680000066757	-0.065445681174801
1.2719999551773	-0.065558485331105
1.2760000228882	-0.065690167552006
1.2799999713898	-0.065843685989366
1.2840000391006	-0.066019112696092
1.2879999876022	-0.066220665991251
1.2920000553131	-0.066448738962214
1.2960000038147	-0.066705715395532
1.2999999523163	-0.066995653442462
1.3040000200272	-0.067318002599186
1.3079999685287	-0.067675584123236
1.3120000362396	-0.068071215425123
1.3159999847412	-0.068505787075509
1.3200000524521	-0.068982352024745
1.3240000009537	-0.069502596894410
1.3279999494553	-0.070067775600905
1.3320000171661	-0.070681136482170
1.3359999656677	-0.071343977086053
1.3400000333786	-0.072057078108923
1.3439999818802	-0.072823749254511
1.3480000495911	-0.073644001541763
1.3519999980927	-0.074522812566451
1.3559999465942	-0.075459559182250
1.3600000143051	-0.076453804973501
1.3639999628067	-0.077511522350786
1.3680000305176	-0.078631110770780
1.3719999790192	-0.079815272052969
1.3760000467300	-0.081065643060458
1.3799999952316	-0.082383329671694
1.3839999437332	-0.083768093546518
1.3880000114441	-0.085223489758048
1.3919999599457	-0.086749464471550
1.3960000276566	-0.088346995205624
1.3999999761581	-0.090018027093739
1.4040000438690	-0.091762456097640
1.4079999923706	-0.093581024756221
1.4119999408722	-0.095475540250978
1.4160000085831	-0.097445049574415
1.4199999570847	-0.099492259806056
1.4240000247955	-0.10161739938472
1.4279999732971	-0.10382070863516
1.4320000410080	-0.10610010032002
1.4359999895096	-0.10845921182821
1.4400000572205	-0.11089801752130
1.4440000057220	-0.11341390144354
1.4479999542236	-0.11600905742181
1.4520000219345	-0.11868509785517
1.4559999704361	-0.12143973637137
1.4600000381470	-0.12427215067389
1.4639999866486	-0.12718252912237
1.4680000543594	-0.13017222168435
1.4720000028610	-0.13324145694932
1.4759999513626	-0.13638596073085
1.4800000190735	-0.13960869869265
1.4839999675751	-0.14290816415423
1.4880000352859	-0.14628328865997
1.4919999837875	-0.14973293933749
1.4960000514984	-0.15325759552106
1.5000000000000	-0.15685644325114
1.5039999485016	-0.16052749654092
1.5080000162125	-0.16427012639714
1.5119999647141	-0.16808413114912
1.5160000324249	-0.17196835854369
1.5199999809265	-0.17592006788754
1.5240000486374	-0.17994074422657
1.5279999971390	-0.18402773394963
1.5319999456406	-0.18817933063476
1.5360000133514	-0.19239582015864
1.5399999618530	-0.19667497292053
1.5440000295639	-0.20101617140046
1.5479999780655	-0.20541617853041
1.5520000457764	-0.20987630293592
1.5559999942780	-0.21439701576933
1.5599999427795	-0.21897031190132
1.5640000104904	-0.22360042496234
1.5679999589920	-0.22828410873238
1.5720000267029	-0.23302082410001
1.5759999752045	-0.23780857613333
1.5800000429153	-0.24264737621377
1.5839999914169	-0.24753448649728
1.5880000591278	-0.25246930500667
1.5920000076294	-0.25745101245591
1.5959999561310	-0.26247842746088
1.6000000238419	-0.26754990440977
1.6039999723434	-0.27266429205847
1.6080000400543	-0.27782220702080
1.6119999885559	-0.28302224032687
1.6160000562668	-0.28826124117964
1.6200000047684	-0.29354186671157
1.6239999532700	-0.29886195852762
1.6280000209808	-0.30422050541397
1.6319999694824	-0.30961640632342
1.6360000371933	-0.31505170217122
1.6399999856949	-0.32052485508023
1.6440000534058	-0.32603564268748
1.6480000019073	-0.33158204731697
1.6519999504089	-0.33716733105779
1.6560000181198	-0.34279000821418
1.6599999666214	-0.34845165862898
1.6640000343323	-0.35415102869440
1.6679999828339	-0.35988913032435
1.6720000505447	-0.36566768840608
1.6759999990463	-0.37148750130215
1.6799999475479	-0.37734704752914
1.6840000152588	-0.38325119616862
1.6879999637604	-0.38919861267948
1.6920000314713	-0.39519092913434
1.6959999799728	-0.40123199688663
1.7000000476837	-0.40732170723401
1.7039999961853	-0.41346293220527
1.7079999446869	-0.41965581239327
1.7120000123978	-0.42590606565715
1.7159999608994	-0.43221322125439
1.7200000286102	-0.43858243227663
1.7239999771118	-0.44501419262950
1.7280000448227	-0.45151384993328
1.7319999933243	-0.45808319601235
1.7359999418259	-0.46472658693092
1.7400000095367	-0.47144604313907
1.7439999580383	-0.47824729530033
1.7480000257492	-0.48513312690719
1.7519999742508	-0.49210949396850
1.7560000419617	-0.49917887303774
1.7599999904633	-0.50634697518264
1.7640000581741	-0.51361841599207
1.7680000066757	-0.52099815512262
1.7719999551773	-0.52849008234549
1.7760000228882	-0.53610253990159
1.7799999713898	-0.54383813976842
1.7840000391006	-0.55170584869067
1.7879999876022	-0.55970755642814
1.7920000553131	-0.56785329329183
1.7960000038147	-0.57614634455615
1.7999999523163	-0.58459675204248
1.8040000200272	-0.59320742701966
1.8079999685287	-0.60198712031152
1.8120000362396	-0.61094469725730
1.8159999847412	-0.62008230370032
1.8200000524521	-0.62941336003650
1.8240000009537	-0.63894132184798
1.8279999494553	-0.64867528014968
1.8320000171661	-0.65862403253502
1.8359999656677	-0.66879501319936
1.8400000333786	-0.67919591232450
1.8439999818802	-0.68983509672396
1.8480000495911	-0.70072173506380
1.8519999980927	-0.71186518497231
1.8559999465942	-0.72327276108931
1.8600000143051	-0.73495440569084
1.8639999628067	-0.74691927724928
1.8680000305176	-0.75917757324407
1.8719999790192	-0.77173654258537
1.8760000467300	-0.78460657854582
1.8799999952316	-0.79779817717118
1.8839999437332	-0.81132002763263
1.8880000114441	-0.82518325588260
1.8919999599457	-0.83939588902845
1.8960000276566	-0.85397148402951
1.8999999761581	-0.86891774486264
1.9040000438690	-0.88424425774409
1.9079999923706	-0.89996397615927
1.9119999408722	-0.91608514570325
1.9160000085831	-0.93262106471047
1.9199999570847	-0.94957893516207
1.9240000247955	-0.96697167995505
1.9279999732971	-0.98481162081899
1.9320000410080	-1.0031074417508
1.9359999895096	-1.0218713821200
1.9400000572205	-1.0411141036989
1.9440000057220	-1.0608478300919
1.9479999542236	-1.0810832968016
1.9520000219345	-1.1018313660676
1.9559999704361	-1.1231042428394
1.9600000381470	-1.1449129651469
1.9639999866486	-1.1672695962790
1.9680000543594	-1.1901861197110
1.9720000028610	-1.2136737567296
1.9759999513626	-1.2377455280381
1.9800000190735	-1.2624117113913
1.9839999675751	-1.2876843552395
1.9880000352859	-1.3135774568725
1.9919999837875	-1.3401014277371
1.9960000514984	-1.3672693156437
2.0000000000000	-1.3950920807125
2.0039999485016	-1.4235830652128
2.0079998970032	-1.4527545108364
2.0120000839233	-1.4826197509362
2.0160000324249	-1.5131908563667
2.0199999809265	-1.5444779921309
2.0239999294281	-1.5764978865618
2.0280001163483	-1.6092609424180
2.0320000648499	-1.6427793520532
2.0360000133514	-1.6770671552752
2.0399999618530	-1.7121369178751
2.0439999103546	-1.7480023969670
2.0480000972748	-1.7846759270163
2.0520000457764	-1.8221701037057
2.0559999942780	-1.8604989282288
2.0599999427795	-1.8996767196495
2.0639998912811	-1.9397157624437
2.0680000782013	-1.9806288805211
2.0720000267029	-2.0224316688933
2.0759999752045	-2.0651358922425
2.0799999237061	-2.1087566956324
2.0840001106262	-2.1533068237116
2.0880000591278	-2.1988002374068
2.0920000076294	-2.2452524516804
2.0959999561310	-2.2926772643718
2.0999999046326	-2.3410873706408
2.1040000915527	-2.3904993058489
2.1080000400543	-2.4409256253109
2.1119999885559	-2.4923828841764
2.1159999370575	-2.5448860472324
2.1199998855591	-2.5984478420329
2.1240000724792	-2.6530856655729
2.1280000209808	-2.7088115634399
2.1319999694824	-2.7656437928492
2.1359999179840	-2.8235956681091
2.1400001049042	-2.8826857805131
2.1440000534058	-2.9429269649785
2.1480000019073	-3.0043369825653
2.1519999504089	-3.0669298068829
2.1559998989105	-3.1307229295725
2.1600000858307	-3.1957321525800
2.1640000343323	-3.2619759923908
2.1679999828339	-3.3294675086804
2.1719999313354	-3.3982251190351
2.1760001182556	-3.4682685447336
2.1800000667572	-3.5396089956936
2.1840000152588	-3.6122691582079
2.1879999637604	-3.6862621762741
2.1919999122620	-3.7616093546267
2.1960000991821	-3.8383267456300
2.2000000476837	-3.9164305827421
2.2039999961853	-3.9959403354433
2.2079999446869	-4.0768751406143
2.2119998931885	-4.1592501806807
2.2160000801086	-4.2430856031484
2.2200000286102	-4.3284000513290
2.2239999771118	-4.4152118813335
2.2279999256134	-4.5035373238764
2.2320001125336	-4.5933965805999
2.2360000610352	-4.6848097137762
2.2400000095367	-4.7777912720202
2.2439999580383	-4.8723626448359
2.2479999065399	-4.9685401570397
2.2520000934601	-5.0663455709552
2.2560000419617	-5.1657909330171
2.2599999904633	-5.2668984701475
2.2639999389648	-5.3696844849144
2.2679998874664	-5.4741666625491
2.2720000743866	-5.5803589833946
2.2760000228882	-5.6882813216943
2.2799999713898	-5.7979445034125
2.2839999198914	-5.9093683168461
2.2880001068115	-6.0225642923285
2.2920000553131	-6.1375455970722
2.2960000038147	-6.2543235532020
2.2999999523163	-6.3729091518388
2.3039999008179	-6.4933111873363
2.3080000877380	-6.6155392323264
2.3120000362396	-6.7395957712258
2.3159999847412	-6.8654877476047
2.3199999332428	-6.9932153560274
2.3239998817444	-7.1227765609107
2.3280000686646	-7.2541665207957
2.3320000171661	-7.3873787458315
2.3359999656677	-7.5224011126867
2.3399999141693	-7.6592186173776
2.3440001010895	-7.7978083624269
2.3480000495911	-7.9381483366903
2.3519999980927	-8.0802057078835
2.3559999465942	-8.2239437566889
2.3599998950958	-8.3693148374735
2.3640000820160	-8.5162684717944
2.3680000305176	-8.6647435087929
2.3719999790192	-8.8146658134504
2.3759999275208	-8.9659562007536
2.3800001144409	-9.1185228419714
2.3840000629425	-9.2722555919693
2.3880000114441	-9.4270389421761
2.3919999599457	-9.5827335464541
2.3959999084473	-9.7391916454542
2.4000000953674	-9.8962425704889
2.4040000438690	-10.053698647914
2.4079999923706	-10.211352340608
2.4119999408722	-10.368969951412
2.4159998893738	-10.526302044304
2.4200000762939	-10.683068881819
2.4240000247955	-10.838968652772
2.4279999732971	-10.993669774258
2.4319999217987	-11.146818132685
2.4360001087189	-11.298030854823
2.4400000572205	-11.446896398275
2.4440000057220	-11.592981770362
2.4479999542236	-11.735820855485
2.4519999027252	-11.874933001878
2.4560000896454	-12.009810025826
2.4600000381470	-12.139933845219
2.4639999866486	-12.264766502715
2.4679999351501	-12.383769119366
2.4719998836517	-12.496398090825
2.4760000705719	-12.602117432831
2.4800000190735	-12.700406180217
2.4839999675751	-12.790763106553
2.4879999160767	-12.872723707636
2.4920001029968	-12.945855102395
2.4960000514984	-13.009779355087
2.5000000000000	-13.064173455913
2.5039999485016	-13.108778315678
2.5079998970032	-13.143404357098
2.5120000839233	-13.167937473831
2.5160000324249	-13.182337295176
2.5199999809265	-13.186643880966
2.5239999294281	-13.180973150868
2.5280001163483	-13.165517108426
2.5320000648499	-13.140533203912
2.5360000133514	-13.106346518213
2.5399999618530	-13.063335218738
2.5439999103546	-13.011926052900
2.5480000972748	-12.952590349821
2.5520000457764	-12.885819232574
2.5559999942780	-12.812138048636
2.5599999427795	-12.732076861879
2.5639998912811	-12.646175755246
2.5680000782013	-12.554970155303
2.5720000267029	-12.458994526952
2.5759999752045	-12.358762261289
2.5799999237061	-12.254774339758
2.5840001106262	-12.147512557371
2.5880000591278	-12.037431811067
2.5920000076294	-11.924961595675
2.5959999561310	-11.810510605297
2.5999999046326	-11.694453834115
2.6040000915527	-11.577141754917
2.6080000400543	-11.458900394314
2.6119999885559	-11.340023946452
2.6159999370575	-11.220787595473
2.6199998855591	-11.101436719955
2.6240000724792	-10.982199409943
2.6280000209808	-10.863274157134
2.6319999694824	-10.744849340826
2.6359999179840	-10.627083568574
2.6400001049042	-10.510124059616
2.6440000534058	-10.394102136019
2.6480000019073	-10.279130930254
2.6519999504089	-10.165309977888
2.6559998989105	-10.052728518263
2.6600000858307	-9.9414627978587
2.6640000343323	-9.8315778368816
2.6679999828339	-9.7231293780166
2.6719999313354	-9.6161655891761
2.6760001182556	-9.5107244659365
2.6800000667572	-9.4068384204826
2.6840000152588	-9.3045338164653
2.6879999637604	-9.2038297643600
2.6919999122620	-9.1047414226124
2.6960000991821	-9.0072779245334
2.7000000476837	-8.9114447437400
2.7039999961853	-8.8172440371238
2.7079999446869	-8.7246739274992
2.7119998931885	-8.6337298334651
2.7160000801086	-8.5444035341890
2.7200000286102	-8.4566858475137
2.7239999771118	-8.3705638755418
2.7279999256134	-8.2860240782219
2.7320001125336	-8.2030510586072
2.7360000610352	-8.1216263906821
2.7400000095367	-8.0417338148274
2.7439999580383	-7.9633515651033
2.7479999065399	-7.8864596731162
2.7520000934601	-7.8110350485585
2.7560000419617	-7.7370578841181
2.7599999904633	-7.6645034506258
2.7639999389648	-7.5933479386199
2.7679998874664	-7.5235683417404
2.7720000743866	-7.4551399310427
2.7760000228882	-7.3880360005284
2.7799999713898	-7.3222339174687
2.7839999198914	-7.2577069373804
2.7880001068115	-7.1944303169195
2.7920000553131	-7.1323767340977
2.7960000038147	-7.0715225124362
2.7999999523163	-7.0118398369061
2.8039999008179	-6.9533041864845
2.8080000877380	-6.8958912285389
2.8120000362396	-6.8395727359505
2.8159999847412	-6.7843248851321
2.8199999332428	-6.7301202281584
2.8239998817444	-6.6769352453377
2.8280000686646	-6.6247442446769
2.8320000171661	-6.5735209270918
2.8359999656677	-6.5232427325852
2.8399999141693	-6.4738826888289
2.8440001010895	-6.4254167800814
2.8480000495911	-6.3778221432741
2.8519999980927	-6.3310742938577
2.8559999465942	-6.2851497868308
2.8599998950958	-6.2400242765693
2.8640000820160	-6.1956747942271
2.8680000305176	-6.1520804237350
2.8719999790192	-6.1092146666201
2.8759999275208	-6.0670591688208
2.8800001144409	-6.0255900671587
2.8840000629425	-5.9847863254741
2.8880000114441	-5.9446268429312
2.8919999599457	-5.9050906619392
2.8959999084473	-5.8661576810068
2.9000000953674	-5.8278070959519
2.9040000438690	-5.7900192013196
2.9079999923706	-5.7527768403420
2.9119999408722	-5.7160594661448
2.9159998893738	-5.6798469384588
2.9200000762939	-5.6441236050447
2.9240000247955	-5.6088724821372
2.9279999732971	-5.5740738798843
2.9319999217987	-5.5397135947792
2.9360001087189	-5.5057708236605
2.9400000572205	-5.4722366769161
2.9440000057220	-5.4390918032962
2.9479999542236	-5.4063199707501
2.9519999027252	-5.3739096195674
2.9560000896454	-5.3418448027848
2.9600000381470	-5.3101146785542
2.9639999866486	-5.2787049434634
2.9679999351501	-5.2476015681559
2.9719998836517	-5.2167946043300
2.9760000705719	-5.1862713090641
2.9800000190735	-5.1560223975250
2.9839999675751	-5.1260369255114
2.9879999160767	-5.0963030703286
2.9920001029968	-5.0668133824892
2.9960000514984	-5.0375592655188
3.0000000000000	-5.0085303847521
3.0039999485016	-4.9797200371494
3.0079998970032	-4.9511196243071
3.0120000839233	-4.9227256109629
3.0160000324249	-4.8945269022030
3.0199999809265	-4.8665199042288
3.0239999294281	-4.8386989486476
3.0280001163483	-4.8110599740999
3.0320000648499	-4.7835956566283
3.0360000133514	-4.7563038180987
3.0399999618530	-4.7291810331353
3.0439999103546	-4.7022233686673
3.0480000972748	-4.6754296272404
3.0520000457764	-4.6487931332711
3.0559999942780	-4.6223177107143
3.0599999427795	-4.5959977213225
3.0639998912811	-4.5698332799002
3.0680000782013	-4.5438229538516
3.0720000267029	-4.5179661306188
3.0759999752045	-4.4922653219829
3.0799999237061	-4.4667167055246
3.0840001106262	-4.4413250037289
3.0880000591278	-4.4160870284735
3.0920000076294	-4.3910072173996
3.0959999561310	-4.3660856663301
3.0999999046326	-4.3413250143341
3.1040000915527	-4.3167251665099
3.1080000400543	-4.2922909975085
3.1119999885559	-4.2680237693942
3.1159999370575	-4.2439250806120
3.1199998855591	-4.2199988013831
3.1240000724792	-4.1962484208145
3.1280000209808	-4.1726761312331
3.1319999694824	-4.1492872760215
3.1359999179840	-4.1260813615800
3.1400001049042	-4.1030657635895
3.1440000534058	-4.0802445774451
3.1480000019073	-4.0576178201983
3.1519999504089	-4.0351924325171
3.1559998989105	-4.0129708221649
3.1600000858307	-3.9909586945297
3.1640000343323	-3.9691576080362
3.1679999828339	-3.9475739097618
3.1719999313354	-3.9262097621096
3.1760001182556	-3.9050710474870
3.1800000667572	-3.8841603487189
3.1840000152588	-3.8634812702129
3.1879999637604	-3.8430390477919
3.1919999122620	-3.8228376033848
3.1960000991821	-3.8028800303265
3.2000000476837	-3.7831703098712
3.2039999961853	-3.7637112857003
3.2079999446869	-3.7445071524756
3.2119998931885	-3.7255624270479
3.2160000801086	-3.7068771936074
3.2200000286102	-3.6884588088441
3.2239999771118	-3.6703071448834
3.2279999256134	-3.6524255635346
3.2320001125336	-3.6348170731469
3.2360000610352	-3.6174858269380
3.2400000095367	-3.6004322450400
3.2439999580383	-3.5836593660711
3.2479999065399	-3.5671679901901
3.2520000934601	-3.5509611988511
3.2560000419617	-3.5350397437266
3.2599999904633	-3.5194064163948
3.2639999389648	-3.5040605611417
3.2679998874664	-3.4890054636265
3.2720000743866	-3.4742385837179
3.2760000228882	-3.4597641143312
3.2799999713898	-3.4455783017185
3.2839999198914	-3.4316868997721
3.2880001068115	-3.4180832703634
3.2920000553131	-3.4047716307837
3.2960000038147	-3.3917494655200
3.2999999523163	-3.3790152178596
3.3039999008179	-3.3665702191136
3.3080000877380	-3.3544129914981
3.3120000362396	-3.3425377245022
3.3159999847412	-3.3309469567729
3.3199999332428	-3.3196372824190
3.3239998817444	-3.3086062089951
3.3280000686646	-3.2978520375951
3.3320000171661	-3.2873703055575
3.3359999656677	-3.2771597497873
3.3399999141693	-3.2672152667353
3.3440001010895	-3.2575349883651
3.3480000495911	-3.2481127735634
3.3519999980927	-3.2389485010322
3.3559999465942	-3.2300347621319
3.3599998950958	-3.2213686369136
3.3640000820160	-3.2129445828797
3.3680000305176	-3.2047592482112
3.3719999790192	-3.1968064455626
3.3759999275208	-3.1890801796325
3.3800001144409	-3.1815751859533
3.3840000629425	-3.1742885924736
3.3880000114441	-3.1672113619809
3.3919999599457	-3.1603385262820
3.3959999084473	-3.1536643033888
3.4000000953674	-3.1471819056806
3.4040000438690	-3.1408846356289
3.4079999923706	-3.1347671283094
3.4119999408722	-3.1288204315291
3.4159998893738	-3.1230406165081
3.4200000762939	-3.1174172529155
3.4240000247955	-3.1119454926224
3.4279999732971	-3.1066161038079
3.4319999217987	-3.1014243342747
3.4360001087189	-3.0963605353573
3.4400000572205	-3.0914187545172
3.4440000057220	-3.0865909035784
3.4479999542236	-3.0818696723037
3.4519999027252	-3.0772456054135
3.4560000896454	-3.0727129607498
3.4600000381470	-3.0682631048313
3.4639999866486	-3.0638888858465
3.4679999351501	-3.0595832041861
3.4719998836517	-3.0553374975987
3.4760000705719	-3.0511454254239
3.4800000190735	-3.0469955292987
3.4839999675751	-3.0428851732630
3.4879999160767	-3.0388036342973
3.4920001029968	-3.0347453551362
3.4960000514984	-3.0307025485614
3.5000000000000	-3.0266674385450
3.5039999485016	-3.0226329580407
3.5079998970032	-3.0185935081487
3.5120000839233	-3.0145412512106
3.5160000324249	-3.0104698174935
3.5199999809265	-3.0063735281983
3.5239999294281	-3.0022452190491
3.5280001163483	-2.9980791607581
3.5320000648499	-2.9938688646133
3.5360000133514	-2.9896107204422
3.5399999618530	-2.9852967002926
3.5439999103546	-2.9809238572283
3.5480000972748	-2.9764855409122
3.5520000457764	-2.9719779858676
3.5559999942780	-2.9673973714651
3.5599999427795	-2.9627376549802
3.5639998912811	-2.9579971063713
3.5680000782013	-2.9531724942075
3.5720000267029	-2.9482576216209
3.5759999752045	-2.9432520604325
3.5799999237061	-2.9381531488436
3.5840001106262	-2.9329559880898
3.5880000591278	-2.9276628831257
3.5920000076294	-2.9222688269368
3.5959999561310	-2.9167723830541
3.5999999046326	-2.9111756753390
3.6040000915527	-2.9054742515206
3.6080000400543	-2.8996701154134
3.6119999885559	-2.8937630360184
3.6159999370575	-2.8877512789204
3.6199998855591	-2.8816381031322
3.6240000724792	-2.8754216524291
3.6280000209808	-2.8691050586926
3.6319999694824	-2.8626892263468
3.6359999179840	-2.8561764375505
3.6400001049042	-2.8495696290630
3.6440000534058	-2.8428695176757
3.6480000019073	-2.8360796332790
3.6519999504089	-2.8292020063072
3.6559998989105	-2.8222421906922
3.6600000858307	-2.8152020908264
3.6640000343323	-2.8080849861827
3.6679999828339	-2.8008962405881
3.6719999313354	-2.7936397259766
3.6760001182556	-2.7863206818669
3.6800000667572	-2.7789435759528
3.6840000152588	-2.7715121047481
3.6879999637604	-2.7640327640536
3.6919999122620	-2.7565105656796
3.6960000991821	-2.7489504701877
3.7000000476837	-2.7413602293054
3.7039999961853	-2.7337432826039
3.7079999446869	-2.7261072846307
3.7119998931885	-2.7184577167532
3.7160000801086	-2.7108014303601
3.7200000286102	-2.7031424164566
3.7239999771118	-2.6954902806801
3.7279999256134	-2.6878503523389
3.7320001125336	-2.6802286455792
3.7360000610352	-2.6726318510555
3.7400000095367	-2.6650673405707
3.7439999580383	-2.6575417536313
3.7479999065399	-2.6500603349224
3.7520000934601	-2.6426318011700
3.7560000419617	-2.6352613616446
3.7599999904633	-2.6279549500477
3.7639999389648	-2.6207205662299
3.7679998874664	-2.6135655419284
3.7720000743866	-2.6064930126429
3.7760000228882	-2.5995131262023
3.7799999713898	-2.5926297488495
3.7839999198914	-2.5858502930749
3.7880001068115	-2.5791793888194
3.7920000553131	-2.5726230886182
3.7960000038147	-2.5661888965765
3.7999999523163	-2.5598801764088
3.8039999008179	-2.5537045243138
3.8080000877380	-2.5476653906797
3.8120000362396	-2.5417697863049
3.8159999847412	-2.5360206109778
3.8199999332428	-2.5304242882355
3.8239998817444	-2.5249831737178
3.8280000686646	-2.5197031139048
3.8320000171661	-2.5145900936880
3.8359999656677	-2.5096439095156
3.8399999141693	-2.5048706799869
3.8440001010895	-2.5002738148235
3.8480000495911	-2.4958555009050
3.8519999980927	-2.4916186180310
3.8559999465942	-2.4875668849774
3.8599998950958	-2.4837013261312
3.8640000820160	-2.4800265495572
3.8680000305176	-2.4765410175980
3.8719999790192	-2.4732480760015
3.8759999275208	-2.4701492000818
3.8800001144409	-2.4672458677118
3.8840000629425	-2.4645362264092
3.8880000114441	-2.4620227470546
3.8919999599457	-2.4597064376271
3.8959999084473	-2.4575837414732
3.9000000953674	-2.4556579459235
3.9040000438690	-2.4539270628070
3.9079999923706	-2.4523889935063
3.9119999408722	-2.4510439522006
3.9159998893738	-2.4498901132876
3.9200000762939	-2.4489229180350
3.9240000247955	-2.4481441414465
3.9279999732971	-2.4475493502710
3.9319999217987	-2.4471363715879
3.9360001087189	-2.4469008165083
3.9400000572205	-2.4468419616059
3.9440000057220	-2.4469528387303
3.9479999542236	-2.4472333917833
3.9519999027252	-2.4476767627108
3.9560000896454	-2.4482782501073
3.9600000381470	-2.4490349419647
3.9639999866486	-2.4499421585202
3.9679999351501	-2.4509930924868
3.9719998836517	-2.4521842508440
3.9760000705719	-2.4535082549140
3.9800000190735	-2.4549608220673
3.9839999675751	-2.4565350504318
3.9879999160767	-2.4582246744165
3.9920001029968	-2.4600242045234
3.9960000514984	-2.4619264725053
4.0000000000000	-2.4639237684268