#Parameters = {L=32; e=0.035; h=1.6; i=0.5; l1=7.6530612244898; ls=100; wl=0.2; ws=30}
#"Frequency / GHz"	"S1,1 (L=32) [Magnitude]"
#-------------------------------------------
0.0000000000000	-0.00022624630968974
0.0040000001899898	-0.00024101957556543
0.0080000003799796	-0.00028327661640434
0.012000000104308	-0.00035407732753307
0.016000000759959	-0.00045242706928763
0.019999999552965	-0.00057889977135436
0.024000000208616	-0.00073356885473693
0.028000000864267	-0.00091600335661559
0.032000001519918	-0.0011237200021910
0.035999998450279	-0.0013594248020560
0.039999999105930	-0.0016211818271072
0.043999999761581	-0.0019091376556834
0.048000000417233	-0.0022229324300312
0.052000001072884	-0.0025606752743291
0.056000001728535	-0.0029241024062017
0.059999998658895	-0.0033092769130094
0.064000003039837	-0.0037189926750182
0.068000003695488	-0.0041508809071119
0.071999996900558	-0.0046036255334218
0.075999997556210	-0.0050774626671158
0.079999998211861	-0.0055716047885288
0.083999998867512	-0.0060847561351045
0.087999999523163	-0.0066156341727508
0.092000000178814	-0.0071639760874006
0.096000000834465	-0.0077300679494776
0.10000000149012	-0.0083110698354740
0.10400000214577	-0.0089057257625358
0.10800000280142	-0.0095153415409203
0.11200000345707	-0.010135543836425
0.11599999666214	-0.010767145512235
0.11999999731779	-0.011410410591482
0.12399999797344	-0.012062014744611
0.12800000607967	-0.012722208528383
0.13199999928474	-0.013388220310191
0.13600000739098	-0.014061801715595
0.14000000059605	-0.014738097784406
0.14399999380112	-0.015418373028571
0.14800000190735	-0.016100798825671
0.15199999511242	-0.016783562265024
0.15600000321865	-0.017466892432131
0.15999999642372	-0.018148932573514
0.16400000452995	-0.018828363731257
0.16799999773502	-0.019504307755473
0.17200000584126	-0.020174888134690
0.17599999904633	-0.020839252225756
0.18000000715256	-0.021497056164815
0.18400000035763	-0.022145780383997
0.18799999356270	-0.022785106204132
0.19200000166893	-0.023414056635457
0.19599999487400	-0.024031705466538
0.20000000298023	-0.024635518863731
0.20399999618530	-0.025226046642348
0.20800000429153	-0.025800778460770
0.21199999749660	-0.026360755041561
0.21600000560284	-0.026902799233683
0.21999999880791	-0.027427460122771
0.22400000691414	-0.027933602113806
0.22800000011921	-0.028418591669655
0.23199999332428	-0.028883865231126
0.23600000143051	-0.029328267714384
0.23999999463558	-0.029749050856897
0.24400000274181	-0.030148241968351
0.24799999594688	-0.030522908783185
0.25200000405312	-0.030873387741172
0.25600001215935	-0.031197994851566
0.25999999046326	-0.031497409474437
0.26399999856949	-0.031771355361238
0.26800000667572	-0.032017510828426
0.27200001478195	-0.032236552938255
0.27599999308586	-0.032428689231622
0.28000000119209	-0.032592979188343
0.28400000929832	-0.032728612290616
0.28799998760223	-0.032836066558760
0.29199999570847	-0.032914525282944
0.29600000381470	-0.032964012410221
0.30000001192093	-0.032984593307594
0.30399999022484	-0.032975746454771
0.30799999833107	-0.032937465390318
0.31200000643730	-0.032870390866711
0.31600001454353	-0.032774881641135
0.31999999284744	-0.032650468868069
0.32400000095367	-0.032496532426445
0.32800000905991	-0.032316075731230
0.33199998736382	-0.032106071372768
0.33599999547005	-0.031868272261599
0.34000000357628	-0.031603187100390
0.34400001168251	-0.031311527675112
0.34799998998642	-0.030993616932690
0.35199999809265	-0.030648780168748
0.35600000619888	-0.030279230068516
0.36000001430511	-0.029885386446365
0.36399999260902	-0.029466011120894
0.36800000071526	-0.029024777161215
0.37200000882149	-0.028560909956796
0.37599998712540	-0.028075021296995
0.37999999523163	-0.027567840993596
0.38400000333786	-0.027041587741862
0.38800001144409	-0.026495327458465
0.39199998974800	-0.025931077569824
0.39599999785423	-0.025349518950967
0.40000000596046	-0.024752061702239
0.40400001406670	-0.024139930531452
0.40799999237061	-0.023512625326146
0.41200000047684	-0.022873155085764
0.41600000858307	-0.022221404618907
0.41999998688698	-0.021559290366371
0.42399999499321	-0.020887559832176
0.42800000309944	-0.020208148622085
0.43200001120567	-0.019520237280343
0.43599998950958	-0.018827819841091
0.43999999761581	-0.018130505879080
0.44400000572205	-0.017429453151989
0.44800001382828	-0.016726018676143
0.45199999213219	-0.016022983932671
0.45600000023842	-0.015319081991342
0.46000000834465	-0.014616793957744
0.46399998664856	-0.013918502476812
0.46799999475479	-0.013223702385104
0.47200000286102	-0.012534667546932
0.47600001096725	-0.011852533336483
0.47999998927116	-0.011177847213250
0.48399999737740	-0.010513465867839
0.48800000548363	-0.0098583975294125
0.49200001358986	-0.0092159073599475
0.49599999189377	-0.0085859612587380
0.50000000000000	-0.0079689384314995
0.50400000810623	-0.0073689605615398
0.50800001621246	-0.0067847857345662
0.51200002431870	-0.0062180763863785
0.51599997282028	-0.0056693481672588
0.51999998092651	-0.0051411513428525
0.52399998903275	-0.0046336126934018
0.52799999713898	-0.0041478824813127
0.53200000524521	-0.0036848371484689
0.53600001335144	-0.0032450367958292
0.54000002145767	-0.0028299835915097
0.54400002956390	-0.0024399011682344
0.54799997806549	-0.0020767664851793
0.55199998617172	-0.0017407222910566
0.55599999427795	-0.0014315659952446
0.56000000238419	-0.0011508615034846
0.56400001049042	-0.00089924876655432
0.56800001859665	-0.00067911179486429
0.57200002670288	-0.00048675404623053
0.57599997520447	-0.00032677984322122
0.57999998331070	-0.00019747068449574
0.58399999141693	-9.9445997516227e-05
0.58799999952316	-3.4714811122453e-05
0.59200000762939	-1.6196750102427e-06
0.59600001573563	-4.6678131191649e-07
0.60000002384186	-3.2076349369616e-05
0.60399997234344	-9.9302181243216e-05
0.60799998044968	-0.00019624349266504
0.61199998855591	-0.00032746566280435
0.61599999666214	-0.00049251135480452
0.62000000476837	-0.00069057150334231
0.62400001287460	-0.00092181517480247
0.62800002098083	-0.0011856555013087
0.63200002908707	-0.0014807632915743
0.63599997758865	-0.0018088564647271
0.63999998569489	-0.0021700778075856
0.64399999380112	-0.0025628051214053
0.64800000190735	-0.0029851666261425
0.65200001001358	-0.0034409909366069
0.65600001811981	-0.0039247926354670
0.66000002622604	-0.0044383522905493
0.66399997472763	-0.0049814940147585
0.66799998283386	-0.0055536169774220
0.67199999094009	-0.0061527599685114
0.67599999904633	-0.0067779694119297
0.68000000715256	-0.0074306116989843
0.68400001525879	-0.0081086166782594
0.68800002336502	-0.0088099365453209
0.69199997186661	-0.0095353967249163
0.69599997997284	-0.010283403223484
0.69999998807907	-0.011051502946267
0.70399999618530	-0.011841698690331
0.70800000429153	-0.012651303442262
0.71200001239777	-0.013478577238175
0.71600002050400	-0.014321844595319
0.72000002861023	-0.015180550692253
0.72399997711182	-0.016056188638378
0.72799998521805	-0.016944170931372
0.73199999332428	-0.017842874644864
0.73600000143051	-0.018753555666020
0.74000000953674	-0.019674296388957
0.74400001764297	-0.020602380277440
0.74800002574921	-0.021537885241902
0.75199997425079	-0.022479133923653
0.75599998235703	-0.023424747222606
0.75999999046326	-0.024372009655674
0.76399999856949	-0.025321712831336
0.76800000667572	-0.026271754442236
0.77200001478195	-0.027219573930401
0.77600002288818	-0.028165482368950
0.77999997138977	-0.029108125807351
0.78399997949600	-0.030043844050339
0.78799998760223	-0.030973685321907
0.79199999570847	-0.031895754441860
0.79600000381470	-0.032806453536477
0.80000001192093	-0.033707919755285
0.80400002002716	-0.034598541050715
0.80800002813339	-0.035474634239774
0.81199997663498	-0.036335613395211
0.81599998474121	-0.037181428692119
0.81999999284744	-0.038011990543912
0.82400000095367	-0.038821382310715
0.82800000905991	-0.039614080368267
0.83200001716614	-0.040384865278012
0.83600002527237	-0.041134673383535
0.83999997377396	-0.041863112494824
0.84399998188019	-0.042565619336182
0.84799998998642	-0.043245822398508
0.85199999809265	-0.043899719223665
0.85600000619888	-0.044529542702231
0.86000001430511	-0.045129787332890
0.86400002241135	-0.045702900341253
0.86799997091293	-0.046248903701332
0.87199997901917	-0.046764772915703
0.87599998712540	-0.047250991566270
0.87999999523163	-0.047707550599409
0.88400000333786	-0.048133843216091
0.88800001144409	-0.048529214671617
0.89200001955032	-0.048891678660982
0.89600002765656	-0.049223896424801
0.89999997615814	-0.049523683438109
0.90399998426437	-0.049791430165158
0.90799999237061	-0.050026827218998
0.91200000047684	-0.050230831574961
0.91600000858307	-0.050401609808319
0.92000001668930	-0.050540423022929
0.92400002479553	-0.050647619513684
0.92799997329712	-0.050722731823553
0.93199998140335	-0.050765887614386
0.93599998950958	-0.050778680433165
0.93999999761581	-0.050761240864072
0.94400000572205	-0.050712015097276
0.94800001382828	-0.050634231133733
0.95200002193451	-0.050526820127222
0.95599997043610	-0.050391730974711
0.95999997854233	-0.050227993944622
0.96399998664856	-0.050037877529701
0.96799999475479	-0.049821616432804
0.97200000286102	-0.049580326612828
0.97600001096725	-0.049314968474507
0.98000001907349	-0.049026757836277
0.98400002717972	-0.048716450678818
0.98799997568130	-0.048384845774386
0.99199998378754	-0.048033769369885
0.99599999189377	-0.047665477189326
1.0000000000000	-0.047278998296776
1.0039999485016	-0.046877080865731
1.0080000162125	-0.046460590662038
1.0119999647141	-0.046032652710492
1.0160000324249	-0.045592114013505
1.0199999809265	-0.045141950285910
1.0240000486374	-0.044684284776054
1.0279999971390	-0.044219164286021
1.0319999456406	-0.043750065114551
1.0360000133514	-0.043277158074011
1.0399999618530	-0.042802674235762
1.0440000295639	-0.042328504402421
1.0479999780655	-0.041856681857425
1.0520000457764	-0.041388190264569
1.0559999942780	-0.040924980633032
1.0599999427795	-0.040470128254375
1.0640000104904	-0.040023374520103
1.0679999589920	-0.039588190023549
1.0720000267029	-0.039165779720750
1.0759999752045	-0.038758903856339
1.0800000429153	-0.038367740074922
1.0839999914169	-0.037995286070499
1.0880000591278	-0.037643094270286
1.0920000076294	-0.037313697026387
1.0959999561310	-0.037008537632825
1.1000000238419	-0.036728735561219
1.1039999723434	-0.036477638516957
1.1080000400543	-0.036255118862910
1.1119999885559	-0.036064519236939
1.1160000562668	-0.035906042025843
1.1200000047684	-0.035783976040227
1.1239999532700	-0.035697576590431
1.1280000209808	-0.035650637280569
1.1319999694824	-0.035643298186771
1.1360000371933	-0.035677458251503
1.1399999856949	-0.035755726682642
1.1440000534058	-0.035877130270310
1.1480000019073	-0.036045961554626
1.1519999504089	-0.036262351741856
1.1560000181198	-0.036528317126069
1.1599999666214	-0.036845412011517
1.1640000343323	-0.037213035485493
1.1679999828339	-0.037635777521642
1.1720000505447	-0.038111606798229
1.1759999990463	-0.038644642106296
1.1799999475479	-0.039233653225929
1.1840000152588	-0.039880272275385
1.1879999637604	-0.040585987558230
1.1920000314713	-0.041352946037373
1.1959999799728	-0.042179053814030
1.2000000476837	-0.043068522082119
1.2039999961853	-0.044019884925162
1.2079999446869	-0.045034151069224
1.2120000123978	-0.046111880550507
1.2159999608994	-0.047255144724031
1.2200000286102	-0.048462305375138
1.2239999771118	-0.049734578558670
1.2280000448227	-0.051072976939183
1.2319999933243	-0.052477554230262
1.2359999418259	-0.053947903907747
1.2400000095367	-0.055485300821969
1.2439999580383	-0.057089060288179
1.2480000257492	-0.058759181020915
1.2519999742508	-0.060495887135035
1.2560000419617	-0.062298453681773
1.2599999904633	-0.064167935919266
1.2640000581741	-0.066103452736027
1.2680000066757	-0.068102897409285
1.2719999551773	-0.070169984772800
1.2760000228882	-0.072300638039046
1.2799999713898	-0.074494967708523
1.2840000391006	-0.076753561666770
1.2879999876022	-0.079075665398049
1.2920000553131	-0.081460336213671
1.2960000038147	-0.083905031697009
1.2999999523163	-0.086411663893629
1.3040000200272	-0.088978328573972
1.3079999685287	-0.091604102699066
1.3120000362396	-0.094286042708910
1.3159999847412	-0.097026418167871
1.3200000524521	-0.099823046301013
1.3240000009537	-0.10267451604036
1.3279999494553	-0.10557919091546
1.3320000171661	-0.10853540493364
1.3359999656677	-0.11154281108124
1.3400000333786	-0.11460037392816
1.3439999818802	-0.11770686156188
1.3480000495911	-0.12086033651673
1.3519999980927	-0.12405912613185
1.3559999465942	-0.12730278655286
1.3600000143051	-0.13058798279423
1.3639999628067	-0.13391615907063
1.3680000305176	-0.13728448704685
1.3719999790192	-0.14069045696899
1.3760000467300	-0.14413424023232
1.3799999952316	-0.14761250585204
1.3839999437332	-0.15112709426287
1.3880000114441	-0.15467224971689
1.3919999599457	-0.15824958998586
1.3960000276566	-0.16185616295054
1.3999999761581	-0.16549032745128
1.4040000438690	-0.16915287515462
1.4079999923706	-0.17284034158994
1.4119999408722	-0.17655089145799
1.4160000085831	-0.18028488685786
1.4199999570847	-0.18404057478269
1.4240000247955	-0.18781622906922
1.4279999732971	-0.19161125834254
1.4320000410080	-0.19542287115368
1.4359999895096	-0.19925268688584
1.4400000572205	-0.20309704218341
1.4440000057220	-0.20695637423646
1.4479999542236	-0.21082841209429
1.4520000219345	-0.21471398911766
1.4559999704361	-0.21861173223353
1.4600000381470	-0.22251997194172
1.4639999866486	-0.22643849653445
1.4680000543594	-0.23036726785356
1.4720000028610	-0.23430667408784
1.4759999513626	-0.23825456330751
1.4800000190735	-0.24221060127562
1.4839999675751	-0.24617558996148
1.4880000352859	-0.25014890252109
1.4919999837875	-0.25413051254982
1.4960000514984	-0.25812206618665
1.5000000000000	-0.26212188061235
1.5039999485016	-0.26612985784947
1.5080000162125	-0.27014939906427
1.5119999647141	-0.27417704958673
1.5160000324249	-0.27821713187885
1.5199999809265	-0.28226916769392
1.5240000486374	-0.28633277330707
1.5279999971390	-0.29041054834458
1.5319999456406	-0.29450392179775
1.5360000133514	-0.29861315094040
1.5399999618530	-0.30274104295326
1.5440000295639	-0.30688806770520
1.5479999780655	-0.31105626118850
1.5520000457764	-0.31524801584728
1.5559999942780	-0.31946495265521
1.5599999427795	-0.32370949974641
1.5640000104904	-0.32798382558553
1.5679999589920	-0.33228991999700
1.5720000267029	-0.33663121622657
1.5759999752045	-0.34101145491064
1.5800000429153	-0.34542936457543
1.5839999914169	-0.34989324993026
1.5880000591278	-0.35440336092364
1.5920000076294	-0.35896452801635
1.5959999561310	-0.36357874817539
1.6000000238419	-0.36825081824496
1.6039999723434	-0.37298278426258
1.6080000400543	-0.37778081757862
1.6119999885559	-0.38264841560786
1.6160000562668	-0.38758856651234
1.6200000047684	-0.39260746811964
1.6239999532700	-0.39770862657024
1.6280000209808	-0.40289554947567
1.6319999694824	-0.40817493640259
1.6360000371933	-0.41355037918546
1.6399999856949	-0.41902731922621
1.6440000534058	-0.42461131448381
1.6480000019073	-0.43030595827059
1.6519999504089	-0.43611965685278
1.6560000181198	-0.44205498990629
1.6599999666214	-0.44811939152810
1.6640000343323	-0.45431838255105
1.6679999828339	-0.46065796795334
1.6720000505447	-0.46714199307210
1.6759999990463	-0.47377857730738
1.6799999475479	-0.48057437805554
1.6840000152588	-0.48753477414501
1.6879999637604	-0.49466654237065
1.6920000314713	-0.50197490446048
1.6959999799728	-0.50946695642330
1.7000000476837	-0.51715135958655
1.7039999961853	-0.52503077215926
1.7079999446869	-0.53311743699104
1.7120000123978	-0.54141379255374
1.7159999608994	-0.54992921697028
1.7200000286102	-0.55866971372533
1.7239999771118	-0.56764225749215
1.7280000448227	-0.57685454172094
1.7319999933243	-0.58631412446263
1.7359999418259	-0.59602697176190
1.7400000095367	-0.60600277375178
1.7439999580383	-0.61624812632134
1.7480000257492	-0.62676952229413
1.7519999742508	-0.63757498559432
1.7560000419617	-0.64867232149679
1.7599999904633	-0.66006889705103
1.7640000581741	-0.67177345841158
1.7680000066757	-0.68379276903578
1.7719999551773	-0.69613383451596
1.7760000228882	-0.70880612344304
1.7799999713898	-0.72181673425216
1.7840000391006	-0.73517257056874
1.7879999876022	-0.74888346751890
1.7920000553131	-0.76295552581602
1.7960000038147	-0.77739624330118
1.7999999523163	-0.79221704775855
1.8040000200272	-0.80742262695212
1.8079999685287	-0.82302153617392
1.8120000362396	-0.83902253297193
1.8159999847412	-0.85543474729666
1.8200000524521	-0.87226239910768
1.8240000009537	-0.88951689684962
1.8279999494553	-0.90720317701457
1.8320000171661	-0.92533401779105
1.8359999656677	-0.94391391476784
1.8400000333786	-0.96294925735337
1.8439999818802	-0.98245307285885
1.8480000495911	-1.0024300356399
1.8519999980927	-1.0228887098069
1.8559999465942	-1.0438370340804
1.8600000143051	-1.0652835562182
1.8639999628067	-1.0872360233731
1.8680000305176	-1.1097009022922
1.8719999790192	-1.1326879418423
1.8760000467300	-1.1562061966718
1.8799999952316	-1.1802603131233
1.8839999437332	-1.2048631897091
1.8880000114441	-1.2300171641452
1.8919999599457	-1.2557315132021
1.8960000276566	-1.2820179790171
1.8999999761581	-1.3088795838151
1.9040000438690	-1.3363264507298
1.9079999923706	-1.3643668949210
1.9119999408722	-1.3930075476943
1.9160000085831	-1.4222576895034
1.9199999570847	-1.4521231733659
1.9240000247955	-1.4826138490358
1.9279999732971	-1.5137344419929
1.9320000410080	-1.5454943016321
1.9359999895096	-1.5779036526805
1.9400000572205	-1.6109662190979
1.9440000057220	-1.6446912783963
1.9479999542236	-1.6790855279126
1.9520000219345	-1.7141581934753
1.9559999704361	-1.7499152884025
1.9600000381470	-1.7863645138520
1.9639999866486	-1.8235141457476
1.9680000543594	-1.8613719528727
1.9720000028610	-1.8999428979144
1.9759999513626	-1.9392373875524
1.9800000190735	-1.9792616719788
1.9839999675751	-2.0200207604053
1.9880000352859	-2.0615257726060
1.9919999837875	-2.1037814305719
1.9960000514984	-2.1467948297349
2.0000000000000	-2.1905727650504
2.0039999485016	-2.2351245620306
2.0079998970032	-2.2804555410995
2.0120000839233	-2.3265721664485
2.0160000324249	-2.3734817966164
2.0199999809265	-2.4211912410405
2.0239999294281	-2.4697075678437
2.0280001163483	-2.5190363839053
2.0320000648499	-2.5691849330126
2.0360000133514	-2.6201613101445
2.0399999618530	-2.6719685667180
2.0439999103546	-2.7246148927877
2.0480000972748	-2.7781068890340
2.0520000457764	-2.8324492060776
2.0559999942780	-2.8876476009802
2.0599999427795	-2.9437094341722
2.0639998912811	-3.0006399063032
2.0680000782013	-3.0584438125625
2.0720000267029	-3.1171272126221
2.0759999752045	-3.1766938567148
2.0799999237061	-3.2371516975466
2.0840001106262	-3.2985029998444
2.0880000591278	-3.3607518282192
2.0920000076294	-3.4239035824321
2.0959999561310	-3.4879634599843
2.0999999046326	-3.5529353915681
2.1040000915527	-3.6188215946351
2.1080000400543	-3.6856254330171
2.1119999885559	-3.7533486524937
2.1159999370575	-3.8219969145217
2.1199998855591	-3.8915709312812
2.1240000724792	-3.9620731604723
2.1280000209808	-4.0335039808539
2.1319999694824	-4.1058669649378
2.1359999179840	-4.1791593939344
2.1400001049042	-4.2533822889737
2.1440000534058	-4.3285361982899
2.1480000019073	-4.4046201403276
2.1519999504089	-4.4816327804294
2.1559998989105	-4.5595720241358
2.1600000858307	-4.6384327427925
2.1640000343323	-4.7182122241452
2.1679999828339	-4.7989069532097
2.1719999313354	-4.8805100520032
2.1760001182556	-4.9630175507751
2.1800000667572	-5.0464199207078
2.1840000152588	-5.1307095314750
2.1879999637604	-5.2158774953182
2.1919999122620	-5.3019142480007
2.1960000991821	-5.3888054528911
2.2000000476837	-5.4765412355397
2.2039999961853	-5.5651044411280
2.2079999446869	-5.6544795519567
2.2119998931885	-5.7446499861054
2.2160000801086	-5.8355986383518
2.2200000286102	-5.9273004950518
2.2239999771118	-6.0197346565624
2.2279999256134	-6.1128773680631
2.2320001125336	-6.2067008761353
2.2360000610352	-6.3011758910935
2.2400000095367	-6.3962720481953
2.2439999580383	-6.4919559834412
2.2479999065399	-6.5881901429080
2.2520000934601	-6.6849348073017
2.2560000419617	-6.7821502695252
2.2599999904633	-6.8797905933526
2.2639999389648	-6.9778094307080
2.2679998874664	-7.0761538046737
2.2720000743866	-7.1747721893298
2.2760000228882	-7.2736040086134
2.2799999713898	-7.3725875096480
2.2839999198914	-7.4716616687176
2.2880001068115	-7.5707551799556
2.2920000553131	-7.6697934636808
2.2960000038147	-7.7687032939255
2.2999999523163	-7.8674004505223
2.3039999008179	-7.9658031540583
2.3080000877380	-8.0638209017966
2.3120000362396	-8.1613596752179
2.3159999847412	-8.2583226369700
2.3199999332428	-8.3546088544551
2.3239998817444	-8.4501143910182
2.3280000686646	-8.5447245361837
2.3320000171661	-8.6383305101057
2.3359999656677	-8.7308119415051
2.3399999141693	-8.8220503754912
2.3440001010895	-8.9119218009053
2.3480000495911	-9.0003016452637
2.3519999980927	-9.0870592560969
2.3559999465942	-9.1720629362147
2.3599998950958	-9.2551823972834
2.3640000820160	-9.3362847125425
2.3680000305176	-9.4152350965492
2.3719999790192	-9.4919008473948
2.3759999275208	-9.5661516683251
2.3800001144409	-9.6378552117061
2.3840000629425	-9.7068834644121
2.3880000114441	-9.7731136103293
2.3919999599457	-9.8364244973480
2.3959999084473	-9.8967033582180
2.4000000953674	-9.9538389126581
2.4040000438690	-10.007728006755
2.4079999923706	-10.058279092674
2.4119999408722	-10.105402756080
2.4159998893738	-10.149021892688
2.4200000762939	-10.189070281660
2.4240000247955	-10.225488064566
2.4279999732971	-10.258232417945
2.4319999217987	-10.287265036981
2.4360001087189	-10.312563186678
2.4400000572205	-10.334113157424
2.4440000057220	-10.351918919915
2.4479999542236	-10.365987888134
2.4519999027252	-10.376345833717
2.4560000896454	-10.383028184069
2.4600000381470	-10.386079638276
2.4639999866486	-10.385556731893
2.4679999351501	-10.381529411337
2.4719998836517	-10.374070892558
2.4760000705719	-10.363267160397
2.4800000190735	-10.349214434176
2.4839999675751	-10.332009386127
2.4879999160767	-10.311762498654
2.4920001029968	-10.288583922968
2.4960000514984	-10.262592733742
2.5000000000000	-10.233912317681
2.5039999485016	-10.202663601706
2.5079998970032	-10.168977899237
2.5120000839233	-10.132980065923
2.5160000324249	-10.094803510638
2.5199999809265	-10.054572808146
2.5239999294281	-10.012420362332
2.5280001163483	-9.9684744018837
2.5320000648499	-9.9228587959333
2.5360000133514	-9.8756985069186
2.5399999618530	-9.8271160524776
2.5439999103546	-9.7772277784477
2.5480000972748	-9.7261522809740
2.5520000457764	-9.6739989887937
2.5559999942780	-9.6208762070008
2.5599999427795	-9.5668894180899
2.5639998912811	-9.5121367314716
2.5680000782013	-9.4567167017973
2.5720000267029	-9.4007189656160
2.5759999752045	-9.3442323688738
2.5799999237061	-9.2873410030538
2.5840001106262	-9.2301212649751
2.5880000591278	-9.1726501618458
2.5920000076294	-9.1149984512410
2.5959999561310	-9.0572314763435
2.5999999046326	-8.9994136423149
2.6040000915527	-8.9416039735075
2.6080000400543	-8.8838569512942
2.6119999885559	-8.8262240276125
2.6159999370575	-8.7687543640720
2.6199998855591	-8.7114927350018
2.6240000724792	-8.6544803382406
2.6280000209808	-8.5977555205047
2.6319999694824	-8.5413539097579
2.6359999179840	-8.4853090794445
2.6400001049042	-8.4296505360262
2.6440000534058	-8.3744039628488
2.6480000019073	-8.3195963742020
2.6519999504089	-8.2652504024018
2.6559998989105	-8.2113854802706
2.6600000858307	-8.1580220682277
2.6640000343323	-8.1051720667598
2.6679999828339	-8.0528540694878
2.6719999313354	-8.0010803837407
2.6760001182556	-7.9498586161159
2.6800000667572	-7.8992019865527
2.6840000152588	-7.8491165359980
2.6879999637604	-7.7996066072206
2.6919999122620	-7.7506818794691
2.6960000991821	-7.7023421423680
2.7000000476837	-7.6545930771645
2.7039999961853	-7.6074339119917
2.7079999446869	-7.5608658516435
2.7119998931885	-7.5148901236478
2.7160000801086	-7.4695029139585
2.7200000286102	-7.4247030994123
2.7239999771118	-7.3804871297302
2.7279999256134	-7.3368513672855
2.7320001125336	-7.2937934524165
2.7360000610352	-7.2513047748820
2.7400000095367	-7.2093811866826
2.7439999580383	-7.1680163753265
2.7479999065399	-7.1272029911986
2.7520000934601	-7.0869355717199
2.7560000419617	-7.0472055445635
2.7599999904633	-7.0080025028354
2.7639999389648	-6.9693216165538
2.7679998874664	-6.9311516326976
2.7720000743866	-6.8934828043892
2.7760000228882	-6.8563079648292
2.7799999713898	-6.8196171742546
2.7839999198914	-6.7833980995724
2.7880001068115	-6.7476428493957
2.7920000553131	-6.7123411544525
2.7960000038147	-6.6774807664012
2.7999999523163	-6.6430533042570
2.8039999008179	-6.6090464513633
2.8080000877380	-6.5754509131425
2.8120000362396	-6.5422560740379
2.8159999847412	-6.5094493348068
2.8199999332428	-6.4770209340109
2.8239998817444	-6.4449609490699
2.8280000686646	-6.4132558033213
2.8320000171661	-6.3818965424789
2.8359999656677	-6.3508743543081
2.8399999141693	-6.3201747142374
2.8440001010895	-6.2897889066780
2.8480000495911	-6.2597075796979
2.8519999980927	-6.2299168950845
2.8559999465942	-6.2004111620986
2.8599998950958	-6.1711768882718
2.8640000820160	-6.1422048731408
2.8680000305176	-6.1134849021462
2.8719999790192	-6.0850097636603
2.8759999275208	-6.0567667742558
2.8800001144409	-6.0287485654634
2.8840000629425	-6.0009467192826
2.8880000114441	-5.9733479949810
2.8919999599457	-5.9459491054342
2.8959999084473	-5.9187387657488
2.9000000953674	-5.8917102144563
2.9040000438690	-5.8648541455716
2.9079999923706	-5.8381642846757
2.9119999408722	-5.8116317790235
2.9159998893738	-5.7852502053274
2.9200000762939	-5.7590143440507
2.9240000247955	-5.7329151424698
2.9279999732971	-5.7069472342662
2.9319999217987	-5.6811044236160
2.9360001087189	-5.6553817570203
2.9400000572205	-5.6297732833472
2.9440000057220	-5.6042732027333
2.9479999542236	-5.5788772109811
2.9519999027252	-5.5535818701041
2.9560000896454	-5.5283814041227
2.9600000381470	-5.5032716701396
2.9639999866486	-5.4782513539601
2.9679999351501	-5.4533166429664
2.9719998836517	-5.4284623782369
2.9760000705719	-5.4036867447237
2.9800000190735	-5.3789898241342
2.9839999675751	-5.3543648927866
2.9879999160767	-5.3298133982143
2.9920001029968	-5.3053339560331
2.9960000514984	-5.2809226991838
3.0000000000000	-5.2565818640271
3.0039999485016	-5.2323084645266
3.0079998970032	-5.2081035061352
3.0120000839233	-5.1839665809767
3.0160000324249	-5.1598952937145
3.0199999809265	-5.1358934398367
3.0239999294281	-5.1119600173064
3.0280001163483	-5.0880953247510
3.0320000648499	-5.0643019167618
3.0360000133514	-5.0405804837365
3.0399999618530	-5.0169340559731
3.0439999103546	-4.9933599622178
3.0480000972748	-4.9698642702543
3.0520000457764	-4.9464472173497
3.0559999942780	-4.9231107133201
3.0599999427795	-4.8998575116736
3.0639998912811	-4.8766931369753
3.0680000782013	-4.8536158496176
3.0720000267029	-4.8306306828828
3.0759999752045	-4.8077406900293
3.0799999237061	-4.7849504566918
3.0840001106262	-4.7622611138955
3.0880000591278	-4.7396760355375
3.0920000076294	-4.7171982630485
3.0959999561310	-4.6948343860890
3.0999999046326	-4.6725859598904
3.1040000915527	-4.6504568479480
3.1080000400543	-4.6284515028290
3.1119999885559	-4.6065719837710
3.1159999370575	-4.5848246756234
3.1199998855591	-4.5632123173265
3.1240000724792	-4.5417383145404
3.1280000209808	-4.5204080421108
3.1319999694824	-4.4992247769321
3.1359999179840	-4.4781919235156
3.1400001049042	-4.4573143205676
3.1440000534058	-4.4365953259208
3.1480000019073	-4.4160381197640
3.1519999504089	-4.3956494907550
3.1559998989105	-4.3754309688616
3.1600000858307	-4.3553848925219
3.1640000343323	-4.3355190812383
3.1679999828339	-4.3158350833490
3.1719999313354	-4.2963363801843
3.1760001182556	-4.2770265543290
3.1800000667572	-4.2579100862156
3.1840000152588	-4.2389881198439
3.1879999637604	-4.2202676509762
3.1919999122620	-4.2017475298303
3.1960000991821	-4.1834335590866
3.2000000476837	-4.1653283382180
3.2039999961853	-4.1474358992146
3.2079999446869	-4.1297569035548
3.2119998931885	-4.1122935874431
3.2160000801086	-4.0950506969300
3.2200000286102	-4.0780301216667
3.2239999771118	-4.0612310452492
3.2279999256134	-4.0446603012394
3.2320001125336	-4.0283170144927
3.2360000610352	-4.0122030691833
3.2400000095367	-3.9963202698970
3.2439999580383	-3.9806722836494
3.2479999065399	-3.9652564651209
3.2520000934601	-3.9500756438498
3.2560000419617	-3.9351331621996
3.2599999904633	-3.9204258600200
3.2639999389648	-3.9059582050037
3.2679998874664	-3.8917279364404
3.2720000743866	-3.8777368592042
3.2760000228882	-3.8639849266048
3.2799999713898	-3.8504718654627
3.2839999198914	-3.8371952134010
3.2880001068115	-3.8241598538268
3.2920000553131	-3.8113607616492
3.2960000038147	-3.7987986550140
3.2999999523163	-3.7864728494462
3.3039999008179	-3.7743826932464
3.3080000877380	-3.7625255700045
3.3120000362396	-3.7509021637065
3.3159999847412	-3.7395083792617
3.3199999332428	-3.7283436160244
3.3239998817444	-3.7174066877743
3.3280000686646	-3.7066937739796
3.3320000171661	-3.6962038902856
3.3359999656677	-3.6859332352689
3.3399999141693	-3.6758821276064
3.3440001010895	-3.6660434544617
3.3480000495911	-3.6564168820684
3.3519999980927	-3.6470004555415
3.3559999465942	-3.6377876729826
3.3599998950958	-3.6287772332039
3.3640000820160	-3.6199640729519
3.3680000305176	-3.6113463022071
3.3719999790192	-3.6029186237820
3.3759999275208	-3.5946776778589
3.3800001144409	-3.5866178383046
3.3840000629425	-3.5787350112962
3.3880000114441	-3.5710271281739
3.3919999599457	-3.5634868283772
3.3959999084473	-3.5561101001372
3.4000000953674	-3.5488929864525
3.4040000438690	-3.5418283906081
3.4079999923706	-3.5349137690531
3.4119999408722	-3.5281420465902
3.4159998893738	-3.5215072761942
3.4200000762939	-3.5150049957800
3.4240000247955	-3.5086314014970
3.4279999732971	-3.5023775900830
3.4319999217987	-3.4962405732645
3.4360001087189	-3.4902113375404
3.4400000572205	-3.4842876529144
3.4440000057220	-3.4784613561055
3.4479999542236	-3.4727261249584
3.4519999027252	-3.4670765460068
3.4560000896454	-3.4615070701875
3.4600000381470	-3.4560114886536
3.4639999866486	-3.4505829688333
3.4679999351501	-3.4452148618431
3.4719998836517	-3.4399017351978
3.4760000705719	-3.4346366737045
3.4800000190735	-3.4294142374300
3.4839999675751	-3.4242277743794
3.4879999160767	-3.4190720577472
3.4920001029968	-3.4139371007741
3.4960000514984	-3.4088239227118
3.5000000000000	-3.4037168213806
3.5039999485016	-3.3986187499004
3.5079998970032	-3.3935178955861
3.5120000839233	-3.3884118312583
3.5160000324249	-3.3832916328638
3.5199999809265	-3.3781532441791
3.5239999294281	-3.3729901528305
3.5280001163483	-3.3677977880123
3.5320000648499	-3.3625677143742
3.5360000133514	-3.3572994535383
3.5399999618530	-3.3519836599875
3.5439999103546	-3.3466167486619
3.5480000972748	-3.3411908065845
3.5520000457764	-3.3357056013841
3.5559999942780	-3.3301532601211
3.5599999427795	-3.3245309399460
3.5639998912811	-3.3188338463588
3.5680000782013	-3.3130576558611
3.5720000267029	-3.3071950019843
3.5759999752045	-3.3012477731366
3.5799999237061	-3.2952063926352
3.5840001106262	-3.2890728917025
3.5880000591278	-3.2828390904526
3.5920000076294	-3.2765056158541
3.5959999561310	-3.2700673897510
3.5999999046326	-3.2635224072493
3.6040000915527	-3.2568680085105
3.6080000400543	-3.2501021019649
3.6119999885559	-3.2432225739861
3.6159999370575	-3.2362286509089
3.6199998855591	-3.2291178429931
3.6240000724792	-3.2218892607919
3.6280000209808	-3.2145394892559
3.6319999694824	-3.2070711215109
3.6359999179840	-3.1994809364834
3.6400001049042	-3.1917706079671
3.6440000534058	-3.1839404174704
3.6480000019073	-3.1759878940831
3.6519999504089	-3.1679137882740
3.6559998989105	-3.1597211087734
3.6600000858307	-3.1514100467731
3.6640000343323	-3.1429787964963
3.6679999828339	-3.1344315246477
3.6719999313354	-3.1257700008788
3.6760001182556	-3.1169958344382
3.6800000667572	-3.1081067382926
3.6840000152588	-3.0991116386481
3.6879999637604	-3.0900080359265
3.6919999122620	-3.0808009290182
3.6960000991821	-3.0714936044728
3.7000000476837	-3.0620875072462
3.7039999961853	-3.0525853277655
3.7079999446869	-3.0429926374871
3.7119998931885	-3.0333119284835
3.7160000801086	-3.0235461153294
3.7200000286102	-3.0137026992844
3.7239999771118	-3.0037813291009
3.7279999256134	-2.9937891723025
3.7320001125336	-2.9837287782492
3.7360000610352	-2.9736065823051
3.7400000095367	-2.9634271504066
3.7439999580383	-2.9531927244831
3.7479999065399	-2.9429124957258
3.7520000934601	-2.9325877159910
3.7560000419617	-2.9222246988273
3.7599999904633	-2.9118302176607
3.7639999389648	-2.9014084185388
3.7679998874664	-2.8909635882763
3.7720000743866	-2.8805032520345
3.7760000228882	-2.8700327410071
3.7799999713898	-2.8595565823817
3.7839999198914	-2.8490810319116
3.7880001068115	-2.8386095594873
3.7920000553131	-2.8281507191187
3.7960000038147	-2.8177115731144
3.7999999523163	-2.8072929039124
3.8039999008179	-2.7969054647930
3.8080000877380	-2.7865513608786
3.8120000362396	-2.7762376141053
3.8159999847412	-2.7659708447793
3.8199999332428	-2.7557537151354
3.8239998817444	-2.7455944075873
3.8280000686646	-2.7354980238214
3.8320000171661	-2.7254701537843
3.8359999656677	-2.7155153701168
3.8399999141693	-2.7056388958672
3.8440001010895	-2.6958478571551
3.8480000495911	-2.6861460877511
3.8519999980927	-2.6765383944906
3.8559999465942	-2.6670294632517
3.8599998950958	-2.6576254446097
3.8640000820160	-2.6483302179556
3.8680000305176	-2.6391478892150
3.8719999790192	-2.6300850012850
3.8759999275208	-2.6211437151554
3.8800001144409	-2.6123288112618
3.8840000629425	-2.6036463029109
3.8880000114441	-2.5950972756942
3.8919999599457	-2.5866866179235
3.8959999084473	-2.5784188366256
3.9000000953674	-2.5702973787072
3.9040000438690	-2.5623242649048
3.9079999923706	-2.5545029921039
3.9119999408722	-2.5468371117699
3.9159998893738	-2.5393293056089
3.9200000762939	-2.5319833679119
3.9240000247955	-2.5247980686875
3.9279999732971	-2.5177791569417
3.9319999217987	-2.5109278048029
3.9360001087189	-2.5042450127880
3.9400000572205	-2.4977341885270
3.9440000057220	-2.4913938463028
3.9479999542236	-2.4852286121627
3.9519999027252	-2.4792371533976
3.9560000896454	-2.4734212740963
3.9600000381470	-2.4677802514535
3.9639999866486	-2.4623172332329
3.9679999351501	-2.4570315734629
3.9719998836517	-2.4519219575651
3.9760000705719	-2.4469891876714
3.9800000190735	-2.4422314966498
3.9839999675751	-2.4376501643707
3.9879999160767	-2.4332434747674
3.9920001029968	-2.4290100797244
3.9960000514984	-2.4249502028216
4.0000000000000	-2.4210584581550
